9
12 2 13 3 6 8 9 7 1
5
9 7 5 3 1
13
153 156 150 152 162 154 159 155 158 151 160 161 157
9
100 101 102 200 201 202 300 301 302
83
1601 9412 9709 7609 1442 2412 720 686 8457 5605 4681 694 4477 5601 8023 2443 2634 3986 7149 5375 1727 4408 1383 6429 390 9478 1603 1150 4980 8083 8644 1794 3348 1346 8168 8728 5033 683 1763 5278 1050 6468 9314 7774 832 3602 5721 6136 6234 2408 2476 6278 6519 8116 2426 7082 4084 1855 8676 6725 5950 7341 5071 8838 7862 5473 1594 7265 3279 5756 767 8748 5723 7137 4303 6206 7284 1203 5931 3261 8758 4074 6567
5
8016 5638 1564 7867 27
68
4175 8306 9688 1183 140 7609 1660 5106 3300 2437 6476 3124 6566 8748 3228 1829 50 8696 9973 6500 127 9162 5949 2309 9633 8853 3165 4587 7603 5311 7385 3521 3532 738 1022 1262 8704 7523 6568 8186 7086 4251 7467 3713 5348 8746 3190 5974 2965 8229 7493 9611 5723 123 3468 9631 1517 4830 1316 8382 5521 6524 510 6567 7211 1608 4982 1414
19
19 3373 1165 4208 9443 8445 8184 6798 1831 5107 6386 5612 3882 2352 4132 3001 9407 639 557
84
8916 6911 2719 1802 2939 7138 7703 4399 8462 1266 6341 5954 9179 5755 9207 4008 6634 4058 8716 9150 3100 9993 873 4971 2802 8093 2218 9607 9599 2581 933 6923 5083 6966 4086 8909 9838 7272 1253 7623 2439 7163 7477 3699 9716 2839 4016 609 2140 982 3894 65 2237 6702 5862 2692 1762 3668 8287 3522 7102 2774 5956 9914 5375 7471 4400 3686 2952 6392 8513 9557 8040 5335 3140 8787 7550 9242 5190 3337 7604 3456 6078 6668
83
701 4685 703 4686 2467 2457 2464 2469 709 5602 5601 2472 2463 5605 2458 5615 5614 8023 2449 4480 8025 8026 5607 694 8024 5606 2453 2448 2465 708 2451 2445 2478 5609 5612 2443 697 700 707 698 2473 706 4681 5603 705 2455 2456 2454 2447 4682 699 710 2466 4478 5613 2476 5616 2471 2444 2470 2468 2446 4479 2475 5610 4477 2461 695 2450 702 4684 5611 5608 704 2474 2460 2459 4683 696 5604 2462 2452 2477
84
8770 3235 8800 8776 8777 6570 8792 3232 6569 8804 8764 8768 8766 8780 8754 3236 3233 3241 8762 8757 3231 8771 8749 8805 8791 8786 6567 8794 8802 3237 8784 8801 8803 8782 3230 3228 8806 8769 8790 8759 8748 8808 8755 6572 8767 8793 8788 8775 6568 8779 8781 8753 8799 8787 8772 8760 8796 6566 8798 8789 8783 8763 8785 3239 8761 3242 3234 6571 8774 8797 8751 3240 8752 8795 3238 8750 8758 8807 3229 8773 8756 8778 8809 8765
39
8731 8716 6635 8719 8725 8729 9152 8722 8734 8718 9158 4058 8721 8730 8740 8724 8733 4059 8727 9151 8736 8732 9153 8738 8723 8720 9150 8735 8739 9156 6636 8728 9154 8737 9157 9155 8717 8726 6634
67
7486 3712 3706 3692 3713 7487 2952 3702 7483 3690 7473 3704 3711 3703 7479 3720 7481 7494 7482 3696 3715 3714 3719 3698 7495 3694 3688 3724 7477 7474 7488 7476 7491 7471 3707 3722 3717 4400 3699 3686 7489 7490 3695 7472 7492 3708 3716 7480 7478 3693 3723 3709 3691 3697 3701 7485 3689 3687 3710 3721 7484 3718 7475 3705 3700 3725 7493
21
1341 1346 1337 1347 1338 1329 1328 1332 1344 1345 1331 1342 1339 1334 1335 1333 1340 1330 6891 1336 1343
100
1457 2436 2484 2480 2489 2444 2478 1445 2463 2464 2424 1448 2437 2461 2450 2467 2473 2482 2413 2451 2439 2466 2447 2469 1446 2418 1444 2493 2453 2438 1451 2470 2416 2427 2472 1452 2487 2421 2449 2460 2476 2446 2423 2445 2422 2494 2420 1455 1454 2492 1456 2456 2432 2440 7609 2490 1449 2435 1447 2468 2448 2477 2474 2459 2475 2455 1442 2462 2454 2479 2431 1453 2428 2452 2443 2430 1450 1443 2485 2433 2486 2457 2481 2471 2414 2441 2442 2491 2434 2425 2488 2419 2415 2426 2417 2465 2458 2483 2429 2412
100
9169 9165 9232 9173 9233 5958 9186 9175 9209 9220 9168 9184 9193 9191 9222 9196 9225 9240 5956 9213 9198 9177 9218 9197 5953 9237 9202 9171 9188 9230 5963 9195 5957 9187 9210 5959 5954 9215 9174 9242 5952 9205 9241 9178 9207 5951 9182 9176 9212 9185 9244 9235 9245 9199 9170 5950 9227 9201 9226 9211 9183 9236 9234 5960 9204 9206 9166 9223 9190 9239 5962 9228 9194 9181 9208 9229 9179 9180 9167 9172 9238 9164 5949 9192 9217 2309 5955 9214 9203 9221 9216 9200 9224 9162 9163 9219 9189 9243 5961 9231
100
7222 7242 2443 7195 7245 7241 7238 2445 7236 7232 7213 2439 3700 7201 7248 7187 7189 7203 7200 7227 7243 3699 2446 7184 7216 7212 7170 7167 7199 7175 7186 7181 7206 7239 7223 7177 7182 7183 2441 7235 7169 7166 7207 7173 7174 7240 7197 7185 7233 7231 7234 7171 7192 7221 7225 7209 7202 7210 7168 7230 7176 7246 7211 7196 7249 7237 2442 7244 7226 7205 7220 7188 7219 3701 2444 7179 7247 7198 7208 7477 7215 7164 7180 7194 7190 7178 7172 7163 7191 2440 7214 7165 7204 7193 7229 7228 7250 7217 7224 7218
100
8679 8662 8632 8620 8296 8294 8676 8648 8636 8657 8670 8675 8603 8658 8293 8659 3907 8665 8680 8673 8650 8630 8607 8629 8686 8641 8628 8668 8642 8645 8634 8669 8295 8619 8624 8687 8614 8602 8299 3906 8661 8616 8677 8623 8656 8611 8688 8608 8300 8618 8683 8655 8644 8684 8605 8654 8613 8637 8601 8606 8674 8672 8609 8638 8652 8635 8664 8666 8622 8627 8647 8617 8689 8685 8298 8653 8681 8615 8631 8604 8678 8660 8633 8640 8621 8610 8297 8649 8667 8646 8301 8643 8612 8626 8682 8671 8663 8651 8625 8639
100
8030 8303 8054 7994 8013 7993 8038 653 8034 8298 8003 8014 8051 8017 8290 8056 8033 8304 8299 8061 8002 8023 8042 8057 8031 8060 8018 8059 8001 8009 8021 8300 8287 8041 7999 8040 8043 8020 8044 8050 8024 8006 8301 8035 8302 8297 649 8289 8027 8293 8308 7992 8306 8004 8046 8295 652 8292 7995 8307 8062 8025 8008 8015 8037 8026 7997 8294 8011 7998 8039 8296 8019 8055 7996 8036 8053 8032 651 8022 8045 8058 8288 8028 8305 8005 8029 648 8000 8007 8047 650 654 8048 8052 8291 8010 8016 8049 8012
100
6477 1601 9412 9709 7609 1442 2412 720 686 8457 5605 4681 694 4477 5601 8023 2443 2634 3986 7149 5375 1727 4408 1383 6429 390 9478 1603 1150 4980 8083 8644 1794 3348 1346 8168 8728 5033 683 1763 5278 1050 6468 9314 7774 832 3602 5721 6136 6234 2408 2476 6278 6519 8116 2426 7082 4084 1855 8676 6725 5950 7341 5071 8838 7862 5473 1594 7265 3279 5756 767 8748 5723 7137 4303 6206 7284 1203 5931 3261 8758 4074 6567 8605 8016 5638 1564 7867 27 3126 4175 8306 9688 1183 140 1660 5106 3300 2437
100
6476 3124 6566 8748 3228 1829 50 8696 9973 6500 127 9162 5949 2309 9633 8853 3165 4587 7603 5311 7385 3521 3532 738 1022 1262 8704 7523 6568 8186 7086 4251 7467 3713 5348 8746 3190 5974 2965 8229 7493 9611 5723 123 3468 9631 1517 4830 1316 8382 5521 6524 510 6567 7211 1608 4982 1414 5822 19 3373 1165 4208 9443 8445 8184 6798 1831 5107 6386 5612 3882 2352 4132 3001 9407 639 557 1073 8916 6911 2719 1802 2939 7138 7703 4399 8462 1266 6341 5954 9179 5755 9207 4008 6634 4058 8716 9150 3100
100
9993 873 4971 2802 8093 2218 9607 9599 2581 933 6923 5083 6966 4086 8909 9838 7272 1253 7623 2439 7163 7477 3699 9716 2839 4016 609 2140 982 3894 65 2237 6702 5862 2692 1762 3668 8287 3522 7102 2774 5956 9914 5375 7471 4400 3686 2952 6392 8513 9557 8040 5335 3140 8787 7550 6911 9242 5190 3337 7604 3456 6078 6668 7648 61 6518 7997 1723 7109 3833 3315 9461 7342 2598 1677 2181 6918 4503 654 6090 1796 3818 7068 8821 2878 6646 5347 353 7322 8128 1818 4753 831 2222 8485 266 2744 9767 2142
100
4612 555 5951 4444 7617 479 8901 7786 4947 5677 4597 5400 3285 6668 7638 573 3874 1328 6891 6240 1976 1063 5567 8941 8718 1886 8601 8293 3906 6329 2252 4305 2950 49 1096 1831 3765 1181 1377 7347 835 1375 8357 6363 179 2671 2647 7548 7850 5249 1073 5066 4890 2032 3943 89 9612 3274 2077 6043 1497 1226 9548 4213 5544 7299 9760 7633 1856 4564 3442 1626 60 1132 4307 7212 1666 2368 7655 256 4487 3686 5984 4098 8678 5258 4945 7660 655 902 8898 8639 5113 142 569 2215 5795 1991 6633 7131
100
1368 4617 9664 7387 5028 7161 3015 1696 3002 8006 6860 8660 3153 5561 6936 4954 2019 4392 2629 9422 669 3813 1926 4457 3621 7213 1411 2358 7873 8140 9453 4068 7992 8287 648 9738 6285 5258 951 9582 2735 442 3661 2851 3527 8388 4368 2247 3560 1363 1416 5397 1258 7829 824 7344 3630 9886 5073 4069 3676 7560 9889 5027 6670 4868 2659 2935 6254 5099 9260 1412 2836 6566 132 1430 3609 8680 4771 589 8812 6716 6418 5752 127 4770 3933 5928 907 4668 6090 1669 6890 6030 6872 4029 4975 6470 8096 2599
10
13 1 10 2 7 3 6 11 12 5
100
9901 9902 9903 9904 9905 9906 9907 9908 9909 9910 9911 9912 9913 9914 9915 9916 9917 9918 9919 9920 9921 9922 9923 9924 9925 9926 9927 9928 9929 9930 9931 9932 9933 9934 9935 9936 9937 9938 9939 9940 9941 9942 9943 9944 9945 9946 9947 9948 9949 9950 9951 9952 9953 9954 9955 9956 9957 9958 9959 9960 9961 9962 9963 9964 9965 9966 9967 9968 9969 9970 9971 9972 9973 9974 9975 9976 9977 9978 9979 9980 9981 9982 9983 9984 9985 9986 9987 9988 9989 9990 9991 9992 9993 9994 9995 9996 9997 9998 9999 10000
1
0
0
