9
12 2 13 3 6 8 9 7 1
5
9 7 5 3 1
13
153 156 150 152 162 154 159 155 158 151 160 161 157
9
100 101 102 200 201 202 300 301 302
49
9579 4419 2371 3946 6640 7068 4582 692 7697 7284 4755 4590 1227 144 9080 2385 4129 4985 5619 6048 2587 7410 5916 367 2182 3389 6599 8397 9795 5430 6971 916 3177 5854 6248 3370 7505 7112 2391 6736 6928 8289 6535 4169 7477 782 2796 372 834
2
1758 4059
9
6340 9496 7049 7598 2620 4450 33 8094 4798
12
7475 165 6001 4408 5473 3851 612 6617 2443 9918 3732 6432
86
3568 8486 4415 2075 7310 7747 6959 3865 241 8821 8154 2267 398 9155 8196 1848 1491 2112 302 3420 5157 7754 5383 6502 8884 2943 7331 1956 3713 6292 952 3016 7431 5884 2874 2777 9540 3043 4724 7802 1434 9785 364 5227 801 2685 2531 392 5948 9833 6801 9170 3954 480 7617 9265 608 8374 8199 5845 3634 6882 5897 5199 6611 7813 2331 494 4615 1376 6756 9510 3465 4561 3900 2881 6859 8224 9760 1201 5785 7203 2315 4219 3333 5163
49
711 718 7072 7074 7080 702 7076 695 692 694 7069 705 7073 7081 708 712 704 713 707 7698 7071 696 693 697 7077 719 7082 7075 7070 716 701 7697 698 710 709 715 714 7079 7083 7699 706 4582 700 699 7068 7700 717 7078 703
98
4889 4832 4835 4845 4817 4807 4852 4855 4836 4879 4851 4799 4872 4819 4881 4823 4866 4806 4892 4868 4885 4873 4834 4846 4847 4843 4869 4853 4839 4867 4859 4862 4856 4812 4842 4822 4865 4804 4814 4824 4813 4871 4827 4821 4818 4884 4830 4848 4863 4816 4890 8095 4891 4860 4844 4893 4858 4838 4810 4825 4886 4809 4808 4798 4882 4850 4801 4880 4876 4874 4805 4864 4802 4811 4826 4854 4857 4820 4800 4833 4887 4815 4877 4837 4803 4870 4849 4875 4888 4841 4831 4840 4883 4878 8094 4861 4828 4829
23
9764 9762 9765 6010 6008 45 37 38 46 43 9766 40 39 42 9767 44 6009 9763 35 36 41 6011 34
52
4545 2012 2016 4554 4550 1992 1995 4553 1991 4547 1994 4552 4557 4548 4556 4546 1996 4571 2010 2003 1989 1773 1999 2008 2009 1990 2014 4549 4544 1993 2015 4570 4542 4569 2013 2007 2011 4572 1998 2005 2002 4555 4551 4568 4543 2004 1997 1772 2001 2000 2006 3068
72
7582 3537 551 549 7555 3533 7594 7597 7559 7572 3538 7574 7579 7554 7583 7558 7560 7577 7595 7598 3534 5613 7589 7588 7565 7578 7590 7570 7566 3531 3530 7569 7596 7591 7556 552 5619 7557 3532 5612 7571 7592 3536 5617 7562 7593 3540 7581 7580 7586 7567 7563 7576 550 7573 7575 5614 7584 3541 5615 5616 548 7587 3539 7561 7568 7564 5611 5610 5618 3535 7585
100
697 699 7284 7298 4776 4797 4786 700 7704 4764 7702 7301 7296 4792 4781 7293 7302 4762 7300 4761 4765 7292 4795 4582 4768 4773 4769 7307 4583 4771 694 4799 4784 7699 7297 7303 7708 4763 4794 4767 4770 4802 7285 4803 4780 4790 692 701 7698 4787 7710 4788 7308 7290 693 4791 4778 695 7700 4755 4760 7295 7697 4796 4756 4774 7289 4766 7305 4758 7299 4772 4798 4775 7306 4801 4782 4759 7304 4785 7294 7709 7287 696 7706 7707 7705 7288 4777 698 7703 4757 7701 7291 4789 4800 4793 4779 4783 7286
100
2541 5294 5268 5269 5247 2535 5274 5233 5271 5239 5243 367 5264 2540 2532 5230 5241 5278 2687 5237 2537 5275 2542 5236 805 803 801 5272 5293 5284 364 5286 2685 5255 5283 5280 5258 5292 5263 5244 5229 2688 5265 5267 5279 5234 5246 365 2538 5262 2544 2545 5250 5245 5281 5276 806 2534 5232 5290 5287 5253 5270 5254 5289 807 5228 2536 5231 5248 5242 366 5227 5252 5260 5273 5291 5288 368 5238 5240 5251 5261 5256 5277 5259 804 5282 5249 5235 5295 5257 2531 5285 2533 2543 2686 2539 802 5266
100
8570 8588 8562 8601 8609 8542 8589 182 8612 8597 7386 8613 8538 8574 8590 8560 8548 8535 8614 186 8578 8611 8581 7383 8552 8556 8536 8577 8606 8566 8616 8602 184 8615 8587 8584 8593 8620 8594 8585 8534 8622 8549 8547 8569 8598 8554 8565 8572 8555 8564 7384 8580 8573 8599 8541 8567 8571 8619 8539 8540 8544 187 8545 8561 8576 8582 8551 8586 8537 8600 8558 8559 8543 8604 8596 8575 8553 8603 8583 183 8579 8605 8546 8617 8607 8608 8610 185 8595 7385 8618 8557 7387 8591 8621 8592 8568 8563 8550
100
1938 1961 1695 1697 1024 1672 1963 1688 1952 1691 1935 1970 1967 1521 1700 1937 1951 1010 1953 1950 1017 1696 1936 1943 1035 1033 1678 1675 1683 1685 1940 1942 1946 1029 1690 1968 1945 1679 1969 1031 1939 1682 1954 1520 1012 1032 1956 1959 1702 1009 1680 1684 1962 1015 1011 1957 1960 1955 1671 1941 1021 1013 1030 1008 1694 1958 1687 1966 1007 1681 1023 1701 1016 1014 1964 1028 1693 1965 1948 1677 1673 1026 1018 1676 1686 1034 1025 1947 1934 1020 1949 1692 1699 1698 1944 1674 1022 1689 1019 1027
100
6321 6361 6314 6327 6359 6352 9987 6346 6367 4696 4697 6317 6342 6363 4698 6326 6351 6340 6323 6344 6372 6347 6331 6355 9993 9985 6341 4699 4695 9986 6368 6371 6374 6308 6337 9992 6332 6322 3244 4700 6320 6373 3245 6362 6369 6310 6339 6324 9984 6343 4701 6316 6370 6318 6319 6360 6353 6333 6328 6357 9991 6345 3243 9989 6311 6315 6338 6309 6336 6348 3242 9994 6313 6335 6375 6354 6349 9988 6334 3241 6330 6364 6366 4702 6356 6365 6305 6312 6329 6304 6376 6306 6358 9990 6307 6377 6350 6378 6379 6325
100
2306 9579 4419 2371 3946 6640 7068 4582 692 7697 7284 4755 4590 1227 144 9080 2385 4129 4985 5619 6048 2587 7410 5916 367 2182 3389 6599 8397 9795 5430 6971 916 3177 5854 6248 3370 7505 7112 2391 6736 6928 8289 6535 4169 7477 782 2796 372 834 9189 1758 4059 6810 6340 9496 7049 7598 2620 4450 33 8094 4798 3403 7475 165 6001 4408 5473 3851 612 6617 2443 9918 3732 6432 8831 3568 8486 4415 2075 7310 7747 6959 3865 241 8821 8154 2267 398 9155 8196 1848 1491 2112 302 3420 5157 7754 5383
100
6502 8884 2943 7331 1956 3713 6292 952 3016 7431 5884 2874 2777 9540 3043 4724 7802 1434 9785 364 5227 801 2685 2531 392 5948 9833 6801 9170 3954 480 7617 9265 608 8374 8199 5845 3634 6882 5897 5199 6611 7813 2331 494 4615 1376 6756 9510 3465 4561 3900 2881 6859 8224 9760 1201 5785 7203 2315 4219 3333 5163 8143 5500 6023 2212 6008 5162 9762 34 8902 4137 2011 6139 82 1798 6103 627 9299 6770 6125 4722 9324 6980 5193 8077 3166 2583 3318 1889 9933 478 9761 8687 7713 3312 5794 6551 2222
100
5027 4976 4568 1772 4542 3068 1989 3634 3459 8465 7957 7765 8544 6445 202 6925 5537 7323 1064 2860 7741 8471 3362 1564 9392 4871 7568 182 7383 8534 5074 3982 6083 5490 8648 1006 5956 5613 7571 4856 8100 1501 6524 3233 2825 3227 2869 2512 9716 4145 1938 7502 406 7892 6601 3241 3810 5292 9430 3949 596 3603 9798 5339 9297 5610 7554 548 3530 1207 3987 8727 5733 5900 968 7178 3395 932 4900 2103 9383 1171 986 7454 6530 267 8899 2433 1760 2881 7538 8607 7280 9622 5277 2482 6101 6115 1811 1386
100
3906 5739 7662 6850 690 6631 3411 2793 5339 3922 1399 8884 1992 832 4640 417 289 4751 7267 8494 6118 1388 790 1330 4220 1889 7927 2473 6166 4652 5024 8078 4489 8264 4677 1007 1671 1520 1934 7956 926 7650 3289 6123 3188 4627 6151 3758 1170 2610 6736 4205 6048 4849 703 5947 2669 25 5428 3135 5406 3890 6832 4280 6147 8118 1396 3752 1244 6119 3918 2749 9410 5707 4229 2016 9403 9207 6161 2009 8068 9549 1614 3748 8504 6172 1206 9737 4321 4119 5867 9178 9736 4013 8418 8583 433 6467 3066 5132
100
6941 1993 3221 783 8713 4158 5691 6764 266 1181 4079 7449 7453 1167 4800 3043 7752 8289 7882 109 6993 5749 5181 7389 9472 7137 5035 8985 1202 5586 8093 9773 5241 4065 5408 6191 6606 8056 7369 1055 6774 8258 4353 9479 9984 6304 4695 3241 6089 4380 7427 5365 4944 7504 4628 3016 6086 8105 9678 7070 7744 8832 1295 4153 8930 816 6498 2847 570 2455 5632 5207 4530 6208 3118 95 6483 9591 2894 8603 9053 4767 8 9243 2298 3420 2590 9751 6931 1707 7115 5737 2776 410 8747 7382 5639 2052 3653 5746
10
13 1 10 2 7 3 6 11 12 5
100
9901 9902 9903 9904 9905 9906 9907 9908 9909 9910 9911 9912 9913 9914 9915 9916 9917 9918 9919 9920 9921 9922 9923 9924 9925 9926 9927 9928 9929 9930 9931 9932 9933 9934 9935 9936 9937 9938 9939 9940 9941 9942 9943 9944 9945 9946 9947 9948 9949 9950 9951 9952 9953 9954 9955 9956 9957 9958 9959 9960 9961 9962 9963 9964 9965 9966 9967 9968 9969 9970 9971 9972 9973 9974 9975 9976 9977 9978 9979 9980 9981 9982 9983 9984 9985 9986 9987 9988 9989 9990 9991 9992 9993 9994 9995 9996 9997 9998 9999 10000
1
0
0
