100.000000000000000
49.442719099991588
24658277.301218521137343
20798864.929934608237090
45468697.911132859993813
0.000000000000000
228339.361154820596710
0.000000000000000
0.000000000000021
572784.734435749549164
11576425.834861992668266
29164691.044396232699000
34200765.221688450750662
102812882.840233000606531
74864.722171860574917
98114971.415729466927587
3712035.247766023376016
86526263.161784064781386
22705084.343215232740476
58320200.954354662630067
4758645.284301102113204
78100282.548575387394521
