4 1 2 3
10 10
-10 10
-10 -10
10 -10
3 1 2 3
-10 -10
10 -10
0 10
948 38 865 927
7125 -7145
7130 -7144
7134 -7143
7137 -7142
7139 -7141
7141 -7139
7142 -7137
7143 -7134
7144 -7130
7145 -7125
7146 -7119
7147 -7112
7148 -7104
7149 -7095
7150 -7085
7151 -7074
7152 -7062
7153 -7049
7154 -7035
7155 -7020
7156 -7004
7157 -6987
7158 -6969
7159 -6950
7160 -6930
7161 -6909
7162 -6887
7163 -6864
7164 -6840
7165 -6815
7166 -6789
7167 -6762
7168 -6734
7169 -6705
7170 -6675
7171 -6644
7172 -6612
7173 -6579
7174 -6545
7175 -6510
7176 -6474
7177 -6437
7178 -6399
7179 -6360
7180 -6320
7181 -6279
7182 -6237
7183 -6194
7184 -6150
7185 -6105
7186 -6059
7187 -6012
7188 -5964
7189 -5915
7190 -5865
7191 -5814
7192 -5762
7193 -5709
7194 -5655
7195 -5600
7196 -5544
7197 -5487
7198 -5429
7199 -5370
7200 -5310
7201 -5249
7202 -5187
7203 -5124
7204 -5060
7205 -4995
7206 -4929
7207 -4862
7208 -4794
7209 -4725
7210 -4655
7211 -4584
7212 -4512
7213 -4439
7214 -4365
7215 -4290
7216 -4214
7217 -4137
7218 -4059
7219 -3980
7220 -3900
7221 -3819
7222 -3737
7223 -3654
7224 -3570
7225 -3485
7226 -3399
7227 -3312
7228 -3224
7229 -3135
7230 -3045
7231 -2954
7232 -2862
7233 -2769
7234 -2675
7235 -2580
7236 -2484
7237 -2387
7238 -2289
7239 -2190
7240 -2090
7241 -1989
7242 -1887
7243 -1784
7244 -1680
7245 -1575
7246 -1469
7247 -1362
7248 -1254
7249 -1145
7250 -1035
7251 -924
7252 -812
7253 -699
7254 -585
7255 -470
7256 -354
7257 -237
7258 -119
7259 0
7258 119
7257 237
7256 354
7255 470
7254 585
7253 699
7252 812
7251 924
7250 1035
7249 1145
7248 1254
7247 1362
7246 1469
7245 1575
7244 1680
7243 1784
7242 1887
7241 1989
7240 2090
7239 2190
7238 2289
7237 2387
7236 2484
7235 2580
7234 2675
7233 2769
7232 2862
7231 2954
7230 3045
7229 3135
7228 3224
7227 3312
7226 3399
7225 3485
7224 3570
7223 3654
7222 3737
7221 3819
7220 3900
7219 3980
7218 4059
7217 4137
7216 4214
7215 4290
7214 4365
7213 4439
7212 4512
7211 4584
7210 4655
7209 4725
7208 4794
7207 4862
7206 4929
7205 4995
7204 5060
7203 5124
7202 5187
7201 5249
7200 5310
7199 5370
7198 5429
7197 5487
7196 5544
7195 5600
7194 5655
7193 5709
7192 5762
7191 5814
7190 5865
7189 5915
7188 5964
7187 6012
7186 6059
7185 6105
7184 6150
7183 6194
7182 6237
7181 6279
7180 6320
7179 6360
7178 6399
7177 6437
7176 6474
7175 6510
7174 6545
7173 6579
7172 6612
7171 6644
7170 6675
7169 6705
7168 6734
7167 6762
7166 6789
7165 6815
7164 6840
7163 6864
7162 6887
7161 6909
7160 6930
7159 6950
7158 6969
7157 6987
7156 7004
7155 7020
7154 7035
7153 7049
7152 7062
7151 7074
7150 7085
7149 7095
7148 7104
7147 7112
7146 7119
7145 7125
7144 7130
7143 7134
7142 7137
7141 7139
7139 7141
7137 7142
7134 7143
7130 7144
7125 7145
7119 7146
7112 7147
7104 7148
7095 7149
7085 7150
7074 7151
7062 7152
7049 7153
7035 7154
7020 7155
7004 7156
6987 7157
6969 7158
6950 7159
6930 7160
6909 7161
6887 7162
6864 7163
6840 7164
6815 7165
6789 7166
6762 7167
6734 7168
6705 7169
6675 7170
6644 7171
6612 7172
6579 7173
6545 7174
6510 7175
6474 7176
6437 7177
6399 7178
6360 7179
6320 7180
6279 7181
6237 7182
6194 7183
6150 7184
6105 7185
6059 7186
6012 7187
5964 7188
5915 7189
5865 7190
5814 7191
5762 7192
5709 7193
5655 7194
5600 7195
5544 7196
5487 7197
5429 7198
5370 7199
5310 7200
5249 7201
5187 7202
5124 7203
5060 7204
4995 7205
4929 7206
4862 7207
4794 7208
4725 7209
4655 7210
4584 7211
4512 7212
4439 7213
4365 7214
4290 7215
4214 7216
4137 7217
4059 7218
3980 7219
3900 7220
3819 7221
3737 7222
3654 7223
3570 7224
3485 7225
3399 7226
3312 7227
3224 7228
3135 7229
3045 7230
2954 7231
2862 7232
2769 7233
2675 7234
2580 7235
2484 7236
2387 7237
2289 7238
2190 7239
2090 7240
1989 7241
1887 7242
1784 7243
1680 7244
1575 7245
1469 7246
1362 7247
1254 7248
1145 7249
1035 7250
924 7251
812 7252
699 7253
585 7254
470 7255
354 7256
237 7257
119 7258
0 7259
-119 7258
-237 7257
-354 7256
-470 7255
-585 7254
-699 7253
-812 7252
-924 7251
-1035 7250
-1145 7249
-1254 7248
-1362 7247
-1469 7246
-1575 7245
-1680 7244
-1784 7243
-1887 7242
-1989 7241
-2090 7240
-2190 7239
-2289 7238
-2387 7237
-2484 7236
-2580 7235
-2675 7234
-2769 7233
-2862 7232
-2954 7231
-3045 7230
-3135 7229
-3224 7228
-3312 7227
-3399 7226
-3485 7225
-3570 7224
-3654 7223
-3737 7222
-3819 7221
-3900 7220
-3980 7219
-4059 7218
-4137 7217
-4214 7216
-4290 7215
-4365 7214
-4439 7213
-4512 7212
-4584 7211
-4655 7210
-4725 7209
-4794 7208
-4862 7207
-4929 7206
-4995 7205
-5060 7204
-5124 7203
-5187 7202
-5249 7201
-5310 7200
-5370 7199
-5429 7198
-5487 7197
-5544 7196
-5600 7195
-5655 7194
-5709 7193
-5762 7192
-5814 7191
-5865 7190
-5915 7189
-5964 7188
-6012 7187
-6059 7186
-6105 7185
-6150 7184
-6194 7183
-6237 7182
-6279 7181
-6320 7180
-6360 7179
-6399 7178
-6437 7177
-6474 7176
-6510 7175
-6545 7174
-6579 7173
-6612 7172
-6644 7171
-6675 7170
-6705 7169
-6734 7168
-6762 7167
-6789 7166
-6815 7165
-6840 7164
-6864 7163
-6887 7162
-6909 7161
-6930 7160
-6950 7159
-6969 7158
-6987 7157
-7004 7156
-7020 7155
-7035 7154
-7049 7153
-7062 7152
-7074 7151
-7085 7150
-7095 7149
-7104 7148
-7112 7147
-7119 7146
-7125 7145
-7130 7144
-7134 7143
-7137 7142
-7139 7141
-7141 7139
-7142 7137
-7143 7134
-7144 7130
-7145 7125
-7146 7119
-7147 7112
-7148 7104
-7149 7095
-7150 7085
-7151 7074
-7152 7062
-7153 7049
-7154 7035
-7155 7020
-7156 7004
-7157 6987
-7158 6969
-7159 6950
-7160 6930
-7161 6909
-7162 6887
-7163 6864
-7164 6840
-7165 6815
-7166 6789
-7167 6762
-7168 6734
-7169 6705
-7170 6675
-7171 6644
-7172 6612
-7173 6579
-7174 6545
-7175 6510
-7176 6474
-7177 6437
-7178 6399
-7179 6360
-7180 6320
-7181 6279
-7182 6237
-7183 6194
-7184 6150
-7185 6105
-7186 6059
-7187 6012
-7188 5964
-7189 5915
-7190 5865
-7191 5814
-7192 5762
-7193 5709
-7194 5655
-7195 5600
-7196 5544
-7197 5487
-7198 5429
-7199 5370
-7200 5310
-7201 5249
-7202 5187
-7203 5124
-7204 5060
-7205 4995
-7206 4929
-7207 4862
-7208 4794
-7209 4725
-7210 4655
-7211 4584
-7212 4512
-7213 4439
-7214 4365
-7215 4290
-7216 4214
-7217 4137
-7218 4059
-7219 3980
-7220 3900
-7221 3819
-7222 3737
-7223 3654
-7224 3570
-7225 3485
-7226 3399
-7227 3312
-7228 3224
-7229 3135
-7230 3045
-7231 2954
-7232 2862
-7233 2769
-7234 2675
-7235 2580
-7236 2484
-7237 2387
-7238 2289
-7239 2190
-7240 2090
-7241 1989
-7242 1887
-7243 1784
-7244 1680
-7245 1575
-7246 1469
-7247 1362
-7248 1254
-7249 1145
-7250 1035
-7251 924
-7252 812
-7253 699
-7254 585
-7255 470
-7256 354
-7257 237
-7258 119
-7259 0
-7258 -119
-7257 -237
-7256 -354
-7255 -470
-7254 -585
-7253 -699
-7252 -812
-7251 -924
-7250 -1035
-7249 -1145
-7248 -1254
-7247 -1362
-7246 -1469
-7245 -1575
-7244 -1680
-7243 -1784
-7242 -1887
-7241 -1989
-7240 -2090
-7239 -2190
-7238 -2289
-7237 -2387
-7236 -2484
-7235 -2580
-7234 -2675
-7233 -2769
-7232 -2862
-7231 -2954
-7230 -3045
-7229 -3135
-7228 -3224
-7227 -3312
-7226 -3399
-7225 -3485
-7224 -3570
-7223 -3654
-7222 -3737
-7221 -3819
-7220 -3900
-7219 -3980
-7218 -4059
-7217 -4137
-7216 -4214
-7215 -4290
-7214 -4365
-7213 -4439
-7212 -4512
-7211 -4584
-7210 -4655
-7209 -4725
-7208 -4794
-7207 -4862
-7206 -4929
-7205 -4995
-7204 -5060
-7203 -5124
-7202 -5187
-7201 -5249
-7200 -5310
-7199 -5370
-7198 -5429
-7197 -5487
-7196 -5544
-7195 -5600
-7194 -5655
-7193 -5709
-7192 -5762
-7191 -5814
-7190 -5865
-7189 -5915
-7188 -5964
-7187 -6012
-7186 -6059
-7185 -6105
-7184 -6150
-7183 -6194
-7182 -6237
-7181 -6279
-7180 -6320
-7179 -6360
-7178 -6399
-7177 -6437
-7176 -6474
-7175 -6510
-7174 -6545
-7173 -6579
-7172 -6612
-7171 -6644
-7170 -6675
-7169 -6705
-7168 -6734
-7167 -6762
-7166 -6789
-7165 -6815
-7164 -6840
-7163 -6864
-7162 -6887
-7161 -6909
-7160 -6930
-7159 -6950
-7158 -6969
-7157 -6987
-7156 -7004
-7155 -7020
-7154 -7035
-7153 -7049
-7152 -7062
-7151 -7074
-7150 -7085
-7149 -7095
-7148 -7104
-7147 -7112
-7146 -7119
-7145 -7125
-7144 -7130
-7143 -7134
-7142 -7137
-7141 -7139
-7139 -7141
-7137 -7142
-7134 -7143
-7130 -7144
-7125 -7145
-7119 -7146
-7112 -7147
-7104 -7148
-7095 -7149
-7085 -7150
-7074 -7151
-7062 -7152
-7049 -7153
-7035 -7154
-7020 -7155
-7004 -7156
-6987 -7157
-6969 -7158
-6950 -7159
-6930 -7160
-6909 -7161
-6887 -7162
-6864 -7163
-6840 -7164
-6815 -7165
-6789 -7166
-6762 -7167
-6734 -7168
-6705 -7169
-6675 -7170
-6644 -7171
-6612 -7172
-6579 -7173
-6545 -7174
-6510 -7175
-6474 -7176
-6437 -7177
-6399 -7178
-6360 -7179
-6320 -7180
-6279 -7181
-6237 -7182
-6194 -7183
-6150 -7184
-6105 -7185
-6059 -7186
-6012 -7187
-5964 -7188
-5915 -7189
-5865 -7190
-5814 -7191
-5762 -7192
-5709 -7193
-5655 -7194
-5600 -7195
-5544 -7196
-5487 -7197
-5429 -7198
-5370 -7199
-5310 -7200
-5249 -7201
-5187 -7202
-5124 -7203
-5060 -7204
-4995 -7205
-4929 -7206
-4862 -7207
-4794 -7208
-4725 -7209
-4655 -7210
-4584 -7211
-4512 -7212
-4439 -7213
-4365 -7214
-4290 -7215
-4214 -7216
-4137 -7217
-4059 -7218
-3980 -7219
-3900 -7220
-3819 -7221
-3737 -7222
-3654 -7223
-3570 -7224
-3485 -7225
-3399 -7226
-3312 -7227
-3224 -7228
-3135 -7229
-3045 -7230
-2954 -7231
-2862 -7232
-2769 -7233
-2675 -7234
-2580 -7235
-2484 -7236
-2387 -7237
-2289 -7238
-2190 -7239
-2090 -7240
-1989 -7241
-1887 -7242
-1784 -7243
-1680 -7244
-1575 -7245
-1469 -7246
-1362 -7247
-1254 -7248
-1145 -7249
-1035 -7250
-924 -7251
-812 -7252
-699 -7253
-585 -7254
-470 -7255
-354 -7256
-237 -7257
-119 -7258
0 -7259
119 -7258
237 -7257
354 -7256
470 -7255
585 -7254
699 -7253
812 -7252
924 -7251
1035 -7250
1145 -7249
1254 -7248
1362 -7247
1469 -7246
1575 -7245
1680 -7244
1784 -7243
1887 -7242
1989 -7241
2090 -7240
2190 -7239
2289 -7238
2387 -7237
2484 -7236
2580 -7235
2675 -7234
2769 -7233
2862 -7232
2954 -7231
3045 -7230
3135 -7229
3224 -7228
3312 -7227
3399 -7226
3485 -7225
3570 -7224
3654 -7223
3737 -7222
3819 -7221
3900 -7220
3980 -7219
4059 -7218
4137 -7217
4214 -7216
4290 -7215
4365 -7214
4439 -7213
4512 -7212
4584 -7211
4655 -7210
4725 -7209
4794 -7208
4862 -7207
4929 -7206
4995 -7205
5060 -7204
5124 -7203
5187 -7202
5249 -7201
5310 -7200
5370 -7199
5429 -7198
5487 -7197
5544 -7196
5600 -7195
5655 -7194
5709 -7193
5762 -7192
5814 -7191
5865 -7190
5915 -7189
5964 -7188
6012 -7187
6059 -7186
6105 -7185
6150 -7184
6194 -7183
6237 -7182
6279 -7181
6320 -7180
6360 -7179
6399 -7178
6437 -7177
6474 -7176
6510 -7175
6545 -7174
6579 -7173
6612 -7172
6644 -7171
6675 -7170
6705 -7169
6734 -7168
6762 -7167
6789 -7166
6815 -7165
6840 -7164
6864 -7163
6887 -7162
6909 -7161
6930 -7160
6950 -7159
6969 -7158
6987 -7157
7004 -7156
7020 -7155
7035 -7154
7049 -7153
7062 -7152
7074 -7151
7085 -7150
7095 -7149
7104 -7148
7112 -7147
7119 -7146
948 29 724 861
7125 7145
7119 7146
7112 7147
7104 7148
7095 7149
7085 7150
7074 7151
7062 7152
7049 7153
7035 7154
7020 7155
7004 7156
6987 7157
6969 7158
6950 7159
6930 7160
6909 7161
6887 7162
6864 7163
6840 7164
6815 7165
6789 7166
6762 7167
6734 7168
6705 7169
6675 7170
6644 7171
6612 7172
6579 7173
6545 7174
6510 7175
6474 7176
6437 7177
6399 7178
6360 7179
6320 7180
6279 7181
6237 7182
6194 7183
6150 7184
6105 7185
6059 7186
6012 7187
5964 7188
5915 7189
5865 7190
5814 7191
5762 7192
5709 7193
5655 7194
5600 7195
5544 7196
5487 7197
5429 7198
5370 7199
5310 7200
5249 7201
5187 7202
5124 7203
5060 7204
4995 7205
4929 7206
4862 7207
4794 7208
4725 7209
4655 7210
4584 7211
4512 7212
4439 7213
4365 7214
4290 7215
4214 7216
4137 7217
4059 7218
3980 7219
3900 7220
3819 7221
3737 7222
3654 7223
3570 7224
3485 7225
3399 7226
3312 7227
3224 7228
3135 7229
3045 7230
2954 7231
2862 7232
2769 7233
2675 7234
2580 7235
2484 7236
2387 7237
2289 7238
2190 7239
2090 7240
1989 7241
1887 7242
1784 7243
1680 7244
1575 7245
1469 7246
1362 7247
1254 7248
1145 7249
1035 7250
924 7251
812 7252
699 7253
585 7254
470 7255
354 7256
237 7257
119 7258
0 7259
-119 7258
-237 7257
-354 7256
-470 7255
-585 7254
-699 7253
-812 7252
-924 7251
-1035 7250
-1145 7249
-1254 7248
-1362 7247
-1469 7246
-1575 7245
-1680 7244
-1784 7243
-1887 7242
-1989 7241
-2090 7240
-2190 7239
-2289 7238
-2387 7237
-2484 7236
-2580 7235
-2675 7234
-2769 7233
-2862 7232
-2954 7231
-3045 7230
-3135 7229
-3224 7228
-3312 7227
-3399 7226
-3485 7225
-3570 7224
-3654 7223
-3737 7222
-3819 7221
-3900 7220
-3980 7219
-4059 7218
-4137 7217
-4214 7216
-4290 7215
-4365 7214
-4439 7213
-4512 7212
-4584 7211
-4655 7210
-4725 7209
-4794 7208
-4862 7207
-4929 7206
-4995 7205
-5060 7204
-5124 7203
-5187 7202
-5249 7201
-5310 7200
-5370 7199
-5429 7198
-5487 7197
-5544 7196
-5600 7195
-5655 7194
-5709 7193
-5762 7192
-5814 7191
-5865 7190
-5915 7189
-5964 7188
-6012 7187
-6059 7186
-6105 7185
-6150 7184
-6194 7183
-6237 7182
-6279 7181
-6320 7180
-6360 7179
-6399 7178
-6437 7177
-6474 7176
-6510 7175
-6545 7174
-6579 7173
-6612 7172
-6644 7171
-6675 7170
-6705 7169
-6734 7168
-6762 7167
-6789 7166
-6815 7165
-6840 7164
-6864 7163
-6887 7162
-6909 7161
-6930 7160
-6950 7159
-6969 7158
-6987 7157
-7004 7156
-7020 7155
-7035 7154
-7049 7153
-7062 7152
-7074 7151
-7085 7150
-7095 7149
-7104 7148
-7112 7147
-7119 7146
-7125 7145
-7130 7144
-7134 7143
-7137 7142
-7139 7141
-7141 7139
-7142 7137
-7143 7134
-7144 7130
-7145 7125
-7146 7119
-7147 7112
-7148 7104
-7149 7095
-7150 7085
-7151 7074
-7152 7062
-7153 7049
-7154 7035
-7155 7020
-7156 7004
-7157 6987
-7158 6969
-7159 6950
-7160 6930
-7161 6909
-7162 6887
-7163 6864
-7164 6840
-7165 6815
-7166 6789
-7167 6762
-7168 6734
-7169 6705
-7170 6675
-7171 6644
-7172 6612
-7173 6579
-7174 6545
-7175 6510
-7176 6474
-7177 6437
-7178 6399
-7179 6360
-7180 6320
-7181 6279
-7182 6237
-7183 6194
-7184 6150
-7185 6105
-7186 6059
-7187 6012
-7188 5964
-7189 5915
-7190 5865
-7191 5814
-7192 5762
-7193 5709
-7194 5655
-7195 5600
-7196 5544
-7197 5487
-7198 5429
-7199 5370
-7200 5310
-7201 5249
-7202 5187
-7203 5124
-7204 5060
-7205 4995
-7206 4929
-7207 4862
-7208 4794
-7209 4725
-7210 4655
-7211 4584
-7212 4512
-7213 4439
-7214 4365
-7215 4290
-7216 4214
-7217 4137
-7218 4059
-7219 3980
-7220 3900
-7221 3819
-7222 3737
-7223 3654
-7224 3570
-7225 3485
-7226 3399
-7227 3312
-7228 3224
-7229 3135
-7230 3045
-7231 2954
-7232 2862
-7233 2769
-7234 2675
-7235 2580
-7236 2484
-7237 2387
-7238 2289
-7239 2190
-7240 2090
-7241 1989
-7242 1887
-7243 1784
-7244 1680
-7245 1575
-7246 1469
-7247 1362
-7248 1254
-7249 1145
-7250 1035
-7251 924
-7252 812
-7253 699
-7254 585
-7255 470
-7256 354
-7257 237
-7258 119
-7259 0
-7258 -119
-7257 -237
-7256 -354
-7255 -470
-7254 -585
-7253 -699
-7252 -812
-7251 -924
-7250 -1035
-7249 -1145
-7248 -1254
-7247 -1362
-7246 -1469
-7245 -1575
-7244 -1680
-7243 -1784
-7242 -1887
-7241 -1989
-7240 -2090
-7239 -2190
-7238 -2289
-7237 -2387
-7236 -2484
-7235 -2580
-7234 -2675
-7233 -2769
-7232 -2862
-7231 -2954
-7230 -3045
-7229 -3135
-7228 -3224
-7227 -3312
-7226 -3399
-7225 -3485
-7224 -3570
-7223 -3654
-7222 -3737
-7221 -3819
-7220 -3900
-7219 -3980
-7218 -4059
-7217 -4137
-7216 -4214
-7215 -4290
-7214 -4365
-7213 -4439
-7212 -4512
-7211 -4584
-7210 -4655
-7209 -4725
-7208 -4794
-7207 -4862
-7206 -4929
-7205 -4995
-7204 -5060
-7203 -5124
-7202 -5187
-7201 -5249
-7200 -5310
-7199 -5370
-7198 -5429
-7197 -5487
-7196 -5544
-7195 -5600
-7194 -5655
-7193 -5709
-7192 -5762
-7191 -5814
-7190 -5865
-7189 -5915
-7188 -5964
-7187 -6012
-7186 -6059
-7185 -6105
-7184 -6150
-7183 -6194
-7182 -6237
-7181 -6279
-7180 -6320
-7179 -6360
-7178 -6399
-7177 -6437
-7176 -6474
-7175 -6510
-7174 -6545
-7173 -6579
-7172 -6612
-7171 -6644
-7170 -6675
-7169 -6705
-7168 -6734
-7167 -6762
-7166 -6789
-7165 -6815
-7164 -6840
-7163 -6864
-7162 -6887
-7161 -6909
-7160 -6930
-7159 -6950
-7158 -6969
-7157 -6987
-7156 -7004
-7155 -7020
-7154 -7035
-7153 -7049
-7152 -7062
-7151 -7074
-7150 -7085
-7149 -7095
-7148 -7104
-7147 -7112
-7146 -7119
-7145 -7125
-7144 -7130
-7143 -7134
-7142 -7137
-7141 -7139
-7139 -7141
-7137 -7142
-7134 -7143
-7130 -7144
-7125 -7145
-7119 -7146
-7112 -7147
-7104 -7148
-7095 -7149
-7085 -7150
-7074 -7151
-7062 -7152
-7049 -7153
-7035 -7154
-7020 -7155
-7004 -7156
-6987 -7157
-6969 -7158
-6950 -7159
-6930 -7160
-6909 -7161
-6887 -7162
-6864 -7163
-6840 -7164
-6815 -7165
-6789 -7166
-6762 -7167
-6734 -7168
-6705 -7169
-6675 -7170
-6644 -7171
-6612 -7172
-6579 -7173
-6545 -7174
-6510 -7175
-6474 -7176
-6437 -7177
-6399 -7178
-6360 -7179
-6320 -7180
-6279 -7181
-6237 -7182
-6194 -7183
-6150 -7184
-6105 -7185
-6059 -7186
-6012 -7187
-5964 -7188
-5915 -7189
-5865 -7190
-5814 -7191
-5762 -7192
-5709 -7193
-5655 -7194
-5600 -7195
-5544 -7196
-5487 -7197
-5429 -7198
-5370 -7199
-5310 -7200
-5249 -7201
-5187 -7202
-5124 -7203
-5060 -7204
-4995 -7205
-4929 -7206
-4862 -7207
-4794 -7208
-4725 -7209
-4655 -7210
-4584 -7211
-4512 -7212
-4439 -7213
-4365 -7214
-4290 -7215
-4214 -7216
-4137 -7217
-4059 -7218
-3980 -7219
-3900 -7220
-3819 -7221
-3737 -7222
-3654 -7223
-3570 -7224
-3485 -7225
-3399 -7226
-3312 -7227
-3224 -7228
-3135 -7229
-3045 -7230
-2954 -7231
-2862 -7232
-2769 -7233
-2675 -7234
-2580 -7235
-2484 -7236
-2387 -7237
-2289 -7238
-2190 -7239
-2090 -7240
-1989 -7241
-1887 -7242
-1784 -7243
-1680 -7244
-1575 -7245
-1469 -7246
-1362 -7247
-1254 -7248
-1145 -7249
-1035 -7250
-924 -7251
-812 -7252
-699 -7253
-585 -7254
-470 -7255
-354 -7256
-237 -7257
-119 -7258
0 -7259
119 -7258
237 -7257
354 -7256
470 -7255
585 -7254
699 -7253
812 -7252
924 -7251
1035 -7250
1145 -7249
1254 -7248
1362 -7247
1469 -7246
1575 -7245
1680 -7244
1784 -7243
1887 -7242
1989 -7241
2090 -7240
2190 -7239
2289 -7238
2387 -7237
2484 -7236
2580 -7235
2675 -7234
2769 -7233
2862 -7232
2954 -7231
3045 -7230
3135 -7229
3224 -7228
3312 -7227
3399 -7226
3485 -7225
3570 -7224
3654 -7223
3737 -7222
3819 -7221
3900 -7220
3980 -7219
4059 -7218
4137 -7217
4214 -7216
4290 -7215
4365 -7214
4439 -7213
4512 -7212
4584 -7211
4655 -7210
4725 -7209
4794 -7208
4862 -7207
4929 -7206
4995 -7205
5060 -7204
5124 -7203
5187 -7202
5249 -7201
5310 -7200
5370 -7199
5429 -7198
5487 -7197
5544 -7196
5600 -7195
5655 -7194
5709 -7193
5762 -7192
5814 -7191
5865 -7190
5915 -7189
5964 -7188
6012 -7187
6059 -7186
6105 -7185
6150 -7184
6194 -7183
6237 -7182
6279 -7181
6320 -7180
6360 -7179
6399 -7178
6437 -7177
6474 -7176
6510 -7175
6545 -7174
6579 -7173
6612 -7172
6644 -7171
6675 -7170
6705 -7169
6734 -7168
6762 -7167
6789 -7166
6815 -7165
6840 -7164
6864 -7163
6887 -7162
6909 -7161
6930 -7160
6950 -7159
6969 -7158
6987 -7157
7004 -7156
7020 -7155
7035 -7154
7049 -7153
7062 -7152
7074 -7151
7085 -7150
7095 -7149
7104 -7148
7112 -7147
7119 -7146
7125 -7145
7130 -7144
7134 -7143
7137 -7142
7139 -7141
7141 -7139
7142 -7137
7143 -7134
7144 -7130
7145 -7125
7146 -7119
7147 -7112
7148 -7104
7149 -7095
7150 -7085
7151 -7074
7152 -7062
7153 -7049
7154 -7035
7155 -7020
7156 -7004
7157 -6987
7158 -6969
7159 -6950
7160 -6930
7161 -6909
7162 -6887
7163 -6864
7164 -6840
7165 -6815
7166 -6789
7167 -6762
7168 -6734
7169 -6705
7170 -6675
7171 -6644
7172 -6612
7173 -6579
7174 -6545
7175 -6510
7176 -6474
7177 -6437
7178 -6399
7179 -6360
7180 -6320
7181 -6279
7182 -6237
7183 -6194
7184 -6150
7185 -6105
7186 -6059
7187 -6012
7188 -5964
7189 -5915
7190 -5865
7191 -5814
7192 -5762
7193 -5709
7194 -5655
7195 -5600
7196 -5544
7197 -5487
7198 -5429
7199 -5370
7200 -5310
7201 -5249
7202 -5187
7203 -5124
7204 -5060
7205 -4995
7206 -4929
7207 -4862
7208 -4794
7209 -4725
7210 -4655
7211 -4584
7212 -4512
7213 -4439
7214 -4365
7215 -4290
7216 -4214
7217 -4137
7218 -4059
7219 -3980
7220 -3900
7221 -3819
7222 -3737
7223 -3654
7224 -3570
7225 -3485
7226 -3399
7227 -3312
7228 -3224
7229 -3135
7230 -3045
7231 -2954
7232 -2862
7233 -2769
7234 -2675
7235 -2580
7236 -2484
7237 -2387
7238 -2289
7239 -2190
7240 -2090
7241 -1989
7242 -1887
7243 -1784
7244 -1680
7245 -1575
7246 -1469
7247 -1362
7248 -1254
7249 -1145
7250 -1035
7251 -924
7252 -812
7253 -699
7254 -585
7255 -470
7256 -354
7257 -237
7258 -119
7259 0
7258 119
7257 237
7256 354
7255 470
7254 585
7253 699
7252 812
7251 924
7250 1035
7249 1145
7248 1254
7247 1362
7246 1469
7245 1575
7244 1680
7243 1784
7242 1887
7241 1989
7240 2090
7239 2190
7238 2289
7237 2387
7236 2484
7235 2580
7234 2675
7233 2769
7232 2862
7231 2954
7230 3045
7229 3135
7228 3224
7227 3312
7226 3399
7225 3485
7224 3570
7223 3654
7222 3737
7221 3819
7220 3900
7219 3980
7218 4059
7217 4137
7216 4214
7215 4290
7214 4365
7213 4439
7212 4512
7211 4584
7210 4655
7209 4725
7208 4794
7207 4862
7206 4929
7205 4995
7204 5060
7203 5124
7202 5187
7201 5249
7200 5310
7199 5370
7198 5429
7197 5487
7196 5544
7195 5600
7194 5655
7193 5709
7192 5762
7191 5814
7190 5865
7189 5915
7188 5964
7187 6012
7186 6059
7185 6105
7184 6150
7183 6194
7182 6237
7181 6279
7180 6320
7179 6360
7178 6399
7177 6437
7176 6474
7175 6510
7174 6545
7173 6579
7172 6612
7171 6644
7170 6675
7169 6705
7168 6734
7167 6762
7166 6789
7165 6815
7164 6840
7163 6864
7162 6887
7161 6909
7160 6930
7159 6950
7158 6969
7157 6987
7156 7004
7155 7020
7154 7035
7153 7049
7152 7062
7151 7074
7150 7085
7149 7095
7148 7104
7147 7112
7146 7119
7145 7125
7144 7130
7143 7134
7142 7137
7141 7139
7139 7141
7137 7142
7134 7143
7130 7144
948 65 398 749
7182 6237
7181 6279
7180 6320
7179 6360
7178 6399
7177 6437
7176 6474
7175 6510
7174 6545
7173 6579
7172 6612
7171 6644
7170 6675
7169 6705
7168 6734
7167 6762
7166 6789
7165 6815
7164 6840
7163 6864
7162 6887
7161 6909
7160 6930
7159 6950
7158 6969
7157 6987
7156 7004
7155 7020
7154 7035
7153 7049
7152 7062
7151 7074
7150 7085
7149 7095
7148 7104
7147 7112
7146 7119
7145 7125
7144 7130
7143 7134
7142 7137
7141 7139
7139 7141
7137 7142
7134 7143
7130 7144
7125 7145
7119 7146
7112 7147
7104 7148
7095 7149
7085 7150
7074 7151
7062 7152
7049 7153
7035 7154
7020 7155
7004 7156
6987 7157
6969 7158
6950 7159
6930 7160
6909 7161
6887 7162
6864 7163
6840 7164
6815 7165
6789 7166
6762 7167
6734 7168
6705 7169
6675 7170
6644 7171
6612 7172
6579 7173
6545 7174
6510 7175
6474 7176
6437 7177
6399 7178
6360 7179
6320 7180
6279 7181
6237 7182
6194 7183
6150 7184
6105 7185
6059 7186
6012 7187
5964 7188
5915 7189
5865 7190
5814 7191
5762 7192
5709 7193
5655 7194
5600 7195
5544 7196
5487 7197
5429 7198
5370 7199
5310 7200
5249 7201
5187 7202
5124 7203
5060 7204
4995 7205
4929 7206
4862 7207
4794 7208
4725 7209
4655 7210
4584 7211
4512 7212
4439 7213
4365 7214
4290 7215
4214 7216
4137 7217
4059 7218
3980 7219
3900 7220
3819 7221
3737 7222
3654 7223
3570 7224
3485 7225
3399 7226
3312 7227
3224 7228
3135 7229
3045 7230
2954 7231
2862 7232
2769 7233
2675 7234
2580 7235
2484 7236
2387 7237
2289 7238
2190 7239
2090 7240
1989 7241
1887 7242
1784 7243
1680 7244
1575 7245
1469 7246
1362 7247
1254 7248
1145 7249
1035 7250
924 7251
812 7252
699 7253
585 7254
470 7255
354 7256
237 7257
119 7258
0 7259
-119 7258
-237 7257
-354 7256
-470 7255
-585 7254
-699 7253
-812 7252
-924 7251
-1035 7250
-1145 7249
-1254 7248
-1362 7247
-1469 7246
-1575 7245
-1680 7244
-1784 7243
-1887 7242
-1989 7241
-2090 7240
-2190 7239
-2289 7238
-2387 7237
-2484 7236
-2580 7235
-2675 7234
-2769 7233
-2862 7232
-2954 7231
-3045 7230
-3135 7229
-3224 7228
-3312 7227
-3399 7226
-3485 7225
-3570 7224
-3654 7223
-3737 7222
-3819 7221
-3900 7220
-3980 7219
-4059 7218
-4137 7217
-4214 7216
-4290 7215
-4365 7214
-4439 7213
-4512 7212
-4584 7211
-4655 7210
-4725 7209
-4794 7208
-4862 7207
-4929 7206
-4995 7205
-5060 7204
-5124 7203
-5187 7202
-5249 7201
-5310 7200
-5370 7199
-5429 7198
-5487 7197
-5544 7196
-5600 7195
-5655 7194
-5709 7193
-5762 7192
-5814 7191
-5865 7190
-5915 7189
-5964 7188
-6012 7187
-6059 7186
-6105 7185
-6150 7184
-6194 7183
-6237 7182
-6279 7181
-6320 7180
-6360 7179
-6399 7178
-6437 7177
-6474 7176
-6510 7175
-6545 7174
-6579 7173
-6612 7172
-6644 7171
-6675 7170
-6705 7169
-6734 7168
-6762 7167
-6789 7166
-6815 7165
-6840 7164
-6864 7163
-6887 7162
-6909 7161
-6930 7160
-6950 7159
-6969 7158
-6987 7157
-7004 7156
-7020 7155
-7035 7154
-7049 7153
-7062 7152
-7074 7151
-7085 7150
-7095 7149
-7104 7148
-7112 7147
-7119 7146
-7125 7145
-7130 7144
-7134 7143
-7137 7142
-7139 7141
-7141 7139
-7142 7137
-7143 7134
-7144 7130
-7145 7125
-7146 7119
-7147 7112
-7148 7104
-7149 7095
-7150 7085
-7151 7074
-7152 7062
-7153 7049
-7154 7035
-7155 7020
-7156 7004
-7157 6987
-7158 6969
-7159 6950
-7160 6930
-7161 6909
-7162 6887
-7163 6864
-7164 6840
-7165 6815
-7166 6789
-7167 6762
-7168 6734
-7169 6705
-7170 6675
-7171 6644
-7172 6612
-7173 6579
-7174 6545
-7175 6510
-7176 6474
-7177 6437
-7178 6399
-7179 6360
-7180 6320
-7181 6279
-7182 6237
-7183 6194
-7184 6150
-7185 6105
-7186 6059
-7187 6012
-7188 5964
-7189 5915
-7190 5865
-7191 5814
-7192 5762
-7193 5709
-7194 5655
-7195 5600
-7196 5544
-7197 5487
-7198 5429
-7199 5370
-7200 5310
-7201 5249
-7202 5187
-7203 5124
-7204 5060
-7205 4995
-7206 4929
-7207 4862
-7208 4794
-7209 4725
-7210 4655
-7211 4584
-7212 4512
-7213 4439
-7214 4365
-7215 4290
-7216 4214
-7217 4137
-7218 4059
-7219 3980
-7220 3900
-7221 3819
-7222 3737
-7223 3654
-7224 3570
-7225 3485
-7226 3399
-7227 3312
-7228 3224
-7229 3135
-7230 3045
-7231 2954
-7232 2862
-7233 2769
-7234 2675
-7235 2580
-7236 2484
-7237 2387
-7238 2289
-7239 2190
-7240 2090
-7241 1989
-7242 1887
-7243 1784
-7244 1680
-7245 1575
-7246 1469
-7247 1362
-7248 1254
-7249 1145
-7250 1035
-7251 924
-7252 812
-7253 699
-7254 585
-7255 470
-7256 354
-7257 237
-7258 119
-7259 0
-7258 -119
-7257 -237
-7256 -354
-7255 -470
-7254 -585
-7253 -699
-7252 -812
-7251 -924
-7250 -1035
-7249 -1145
-7248 -1254
-7247 -1362
-7246 -1469
-7245 -1575
-7244 -1680
-7243 -1784
-7242 -1887
-7241 -1989
-7240 -2090
-7239 -2190
-7238 -2289
-7237 -2387
-7236 -2484
-7235 -2580
-7234 -2675
-7233 -2769
-7232 -2862
-7231 -2954
-7230 -3045
-7229 -3135
-7228 -3224
-7227 -3312
-7226 -3399
-7225 -3485
-7224 -3570
-7223 -3654
-7222 -3737
-7221 -3819
-7220 -3900
-7219 -3980
-7218 -4059
-7217 -4137
-7216 -4214
-7215 -4290
-7214 -4365
-7213 -4439
-7212 -4512
-7211 -4584
-7210 -4655
-7209 -4725
-7208 -4794
-7207 -4862
-7206 -4929
-7205 -4995
-7204 -5060
-7203 -5124
-7202 -5187
-7201 -5249
-7200 -5310
-7199 -5370
-7198 -5429
-7197 -5487
-7196 -5544
-7195 -5600
-7194 -5655
-7193 -5709
-7192 -5762
-7191 -5814
-7190 -5865
-7189 -5915
-7188 -5964
-7187 -6012
-7186 -6059
-7185 -6105
-7184 -6150
-7183 -6194
-7182 -6237
-7181 -6279
-7180 -6320
-7179 -6360
-7178 -6399
-7177 -6437
-7176 -6474
-7175 -6510
-7174 -6545
-7173 -6579
-7172 -6612
-7171 -6644
-7170 -6675
-7169 -6705
-7168 -6734
-7167 -6762
-7166 -6789
-7165 -6815
-7164 -6840
-7163 -6864
-7162 -6887
-7161 -6909
-7160 -6930
-7159 -6950
-7158 -6969
-7157 -6987
-7156 -7004
-7155 -7020
-7154 -7035
-7153 -7049
-7152 -7062
-7151 -7074
-7150 -7085
-7149 -7095
-7148 -7104
-7147 -7112
-7146 -7119
-7145 -7125
-7144 -7130
-7143 -7134
-7142 -7137
-7141 -7139
-7139 -7141
-7137 -7142
-7134 -7143
-7130 -7144
-7125 -7145
-7119 -7146
-7112 -7147
-7104 -7148
-7095 -7149
-7085 -7150
-7074 -7151
-7062 -7152
-7049 -7153
-7035 -7154
-7020 -7155
-7004 -7156
-6987 -7157
-6969 -7158
-6950 -7159
-6930 -7160
-6909 -7161
-6887 -7162
-6864 -7163
-6840 -7164
-6815 -7165
-6789 -7166
-6762 -7167
-6734 -7168
-6705 -7169
-6675 -7170
-6644 -7171
-6612 -7172
-6579 -7173
-6545 -7174
-6510 -7175
-6474 -7176
-6437 -7177
-6399 -7178
-6360 -7179
-6320 -7180
-6279 -7181
-6237 -7182
-6194 -7183
-6150 -7184
-6105 -7185
-6059 -7186
-6012 -7187
-5964 -7188
-5915 -7189
-5865 -7190
-5814 -7191
-5762 -7192
-5709 -7193
-5655 -7194
-5600 -7195
-5544 -7196
-5487 -7197
-5429 -7198
-5370 -7199
-5310 -7200
-5249 -7201
-5187 -7202
-5124 -7203
-5060 -7204
-4995 -7205
-4929 -7206
-4862 -7207
-4794 -7208
-4725 -7209
-4655 -7210
-4584 -7211
-4512 -7212
-4439 -7213
-4365 -7214
-4290 -7215
-4214 -7216
-4137 -7217
-4059 -7218
-3980 -7219
-3900 -7220
-3819 -7221
-3737 -7222
-3654 -7223
-3570 -7224
-3485 -7225
-3399 -7226
-3312 -7227
-3224 -7228
-3135 -7229
-3045 -7230
-2954 -7231
-2862 -7232
-2769 -7233
-2675 -7234
-2580 -7235
-2484 -7236
-2387 -7237
-2289 -7238
-2190 -7239
-2090 -7240
-1989 -7241
-1887 -7242
-1784 -7243
-1680 -7244
-1575 -7245
-1469 -7246
-1362 -7247
-1254 -7248
-1145 -7249
-1035 -7250
-924 -7251
-812 -7252
-699 -7253
-585 -7254
-470 -7255
-354 -7256
-237 -7257
-119 -7258
0 -7259
119 -7258
237 -7257
354 -7256
470 -7255
585 -7254
699 -7253
812 -7252
924 -7251
1035 -7250
1145 -7249
1254 -7248
1362 -7247
1469 -7246
1575 -7245
1680 -7244
1784 -7243
1887 -7242
1989 -7241
2090 -7240
2190 -7239
2289 -7238
2387 -7237
2484 -7236
2580 -7235
2675 -7234
2769 -7233
2862 -7232
2954 -7231
3045 -7230
3135 -7229
3224 -7228
3312 -7227
3399 -7226
3485 -7225
3570 -7224
3654 -7223
3737 -7222
3819 -7221
3900 -7220
3980 -7219
4059 -7218
4137 -7217
4214 -7216
4290 -7215
4365 -7214
4439 -7213
4512 -7212
4584 -7211
4655 -7210
4725 -7209
4794 -7208
4862 -7207
4929 -7206
4995 -7205
5060 -7204
5124 -7203
5187 -7202
5249 -7201
5310 -7200
5370 -7199
5429 -7198
5487 -7197
5544 -7196
5600 -7195
5655 -7194
5709 -7193
5762 -7192
5814 -7191
5865 -7190
5915 -7189
5964 -7188
6012 -7187
6059 -7186
6105 -7185
6150 -7184
6194 -7183
6237 -7182
6279 -7181
6320 -7180
6360 -7179
6399 -7178
6437 -7177
6474 -7176
6510 -7175
6545 -7174
6579 -7173
6612 -7172
6644 -7171
6675 -7170
6705 -7169
6734 -7168
6762 -7167
6789 -7166
6815 -7165
6840 -7164
6864 -7163
6887 -7162
6909 -7161
6930 -7160
6950 -7159
6969 -7158
6987 -7157
7004 -7156
7020 -7155
7035 -7154
7049 -7153
7062 -7152
7074 -7151
7085 -7150
7095 -7149
7104 -7148
7112 -7147
7119 -7146
7125 -7145
7130 -7144
7134 -7143
7137 -7142
7139 -7141
7141 -7139
7142 -7137
7143 -7134
7144 -7130
7145 -7125
7146 -7119
7147 -7112
7148 -7104
7149 -7095
7150 -7085
7151 -7074
7152 -7062
7153 -7049
7154 -7035
7155 -7020
7156 -7004
7157 -6987
7158 -6969
7159 -6950
7160 -6930
7161 -6909
7162 -6887
7163 -6864
7164 -6840
7165 -6815
7166 -6789
7167 -6762
7168 -6734
7169 -6705
7170 -6675
7171 -6644
7172 -6612
7173 -6579
7174 -6545
7175 -6510
7176 -6474
7177 -6437
7178 -6399
7179 -6360
7180 -6320
7181 -6279
7182 -6237
7183 -6194
7184 -6150
7185 -6105
7186 -6059
7187 -6012
7188 -5964
7189 -5915
7190 -5865
7191 -5814
7192 -5762
7193 -5709
7194 -5655
7195 -5600
7196 -5544
7197 -5487
7198 -5429
7199 -5370
7200 -5310
7201 -5249
7202 -5187
7203 -5124
7204 -5060
7205 -4995
7206 -4929
7207 -4862
7208 -4794
7209 -4725
7210 -4655
7211 -4584
7212 -4512
7213 -4439
7214 -4365
7215 -4290
7216 -4214
7217 -4137
7218 -4059
7219 -3980
7220 -3900
7221 -3819
7222 -3737
7223 -3654
7224 -3570
7225 -3485
7226 -3399
7227 -3312
7228 -3224
7229 -3135
7230 -3045
7231 -2954
7232 -2862
7233 -2769
7234 -2675
7235 -2580
7236 -2484
7237 -2387
7238 -2289
7239 -2190
7240 -2090
7241 -1989
7242 -1887
7243 -1784
7244 -1680
7245 -1575
7246 -1469
7247 -1362
7248 -1254
7249 -1145
7250 -1035
7251 -924
7252 -812
7253 -699
7254 -585
7255 -470
7256 -354
7257 -237
7258 -119
7259 0
7258 119
7257 237
7256 354
7255 470
7254 585
7253 699
7252 812
7251 924
7250 1035
7249 1145
7248 1254
7247 1362
7246 1469
7245 1575
7244 1680
7243 1784
7242 1887
7241 1989
7240 2090
7239 2190
7238 2289
7237 2387
7236 2484
7235 2580
7234 2675
7233 2769
7232 2862
7231 2954
7230 3045
7229 3135
7228 3224
7227 3312
7226 3399
7225 3485
7224 3570
7223 3654
7222 3737
7221 3819
7220 3900
7219 3980
7218 4059
7217 4137
7216 4214
7215 4290
7214 4365
7213 4439
7212 4512
7211 4584
7210 4655
7209 4725
7208 4794
7207 4862
7206 4929
7205 4995
7204 5060
7203 5124
7202 5187
7201 5249
7200 5310
7199 5370
7198 5429
7197 5487
7196 5544
7195 5600
7194 5655
7193 5709
7192 5762
7191 5814
7190 5865
7189 5915
7188 5964
7187 6012
7186 6059
7185 6105
7184 6150
7183 6194
474 13 100 448
7184 6150
7183 6194
7182 6237
7181 6279
7180 6320
7179 6360
7178 6399
7177 6437
7176 6474
7175 6510
7174 6545
7173 6579
7172 6612
7171 6644
7170 6675
7169 6705
7168 6734
7167 6762
7166 6789
7165 6815
7164 6840
7163 6864
7162 6887
7161 6909
7160 6930
7159 6950
7158 6969
7157 6987
7156 7004
7155 7020
7154 7035
7153 7049
7152 7062
7151 7074
7150 7085
7149 7095
7148 7104
7147 7112
7146 7119
7145 7125
7144 7130
7143 7134
7142 7137
7141 7139
7139 7141
7137 7142
7134 7143
7130 7144
7125 7145
7119 7146
7112 7147
7104 7148
7095 7149
7085 7150
7074 7151
7062 7152
7049 7153
7035 7154
7020 7155
7004 7156
6987 7157
6969 7158
6950 7159
6930 7160
6909 7161
6887 7162
6864 7163
6840 7164
6815 7165
6789 7166
6762 7167
6734 7168
6705 7169
6675 7170
6644 7171
6612 7172
6579 7173
6545 7174
6510 7175
6474 7176
6437 7177
6399 7178
6360 7179
6320 7180
6279 7181
6237 7182
6194 7183
6150 7184
6105 7185
6059 7186
6012 7187
5964 7188
5915 7189
5865 7190
5814 7191
5762 7192
5709 7193
5655 7194
5600 7195
5544 7196
5487 7197
5429 7198
5370 7199
5310 7200
5249 7201
5187 7202
5124 7203
5060 7204
4995 7205
4929 7206
4862 7207
4794 7208
4725 7209
4655 7210
4584 7211
4512 7212
4439 7213
4365 7214
4290 7215
4214 7216
4137 7217
4059 7218
3980 7219
3900 7220
3819 7221
3737 7222
3654 7223
3570 7224
3485 7225
3399 7226
3312 7227
3224 7228
3135 7229
3045 7230
2954 7231
2862 7232
2769 7233
2675 7234
2580 7235
2484 7236
2387 7237
2289 7238
2190 7239
2090 7240
1989 7241
1887 7242
1784 7243
1680 7244
1575 7245
1469 7246
1362 7247
1254 7248
1145 7249
1035 7250
924 7251
812 7252
699 7253
585 7254
470 7255
354 7256
237 7257
119 7258
0 7259
-119 7258
-237 7257
-354 7256
-470 7255
-585 7254
-699 7253
-812 7252
-924 7251
-1035 7250
-1145 7249
-1254 7248
-1362 7247
-1469 7246
-1575 7245
-1680 7244
-1784 7243
-1887 7242
-1989 7241
-2090 7240
-2190 7239
-2289 7238
-2387 7237
-2484 7236
-2580 7235
-2675 7234
-2769 7233
-2862 7232
-2954 7231
-3045 7230
-3135 7229
-3224 7228
-3312 7227
-3399 7226
-3485 7225
-3570 7224
-3654 7223
-3737 7222
-3819 7221
-3900 7220
-3980 7219
-4059 7218
-4137 7217
-4214 7216
-4290 7215
-4365 7214
-4439 7213
-4512 7212
-4584 7211
-4655 7210
-4725 7209
-4794 7208
-4862 7207
-4929 7206
-4995 7205
-5060 7204
-5124 7203
-5187 7202
-5249 7201
-5310 7200
-5370 7199
-5429 7198
-5487 7197
-5544 7196
-5600 7195
-5655 7194
-5709 7193
-5762 7192
-5814 7191
-5865 7190
-5915 7189
-5964 7188
-6012 7187
-6059 7186
-6105 7185
-6150 7184
-6194 7183
-6237 7182
-6279 7181
-6320 7180
-6360 7179
-6399 7178
-6437 7177
-6474 7176
-6510 7175
-6545 7174
-6579 7173
-6612 7172
-6644 7171
-6675 7170
-6705 7169
-6734 7168
-6762 7167
-6789 7166
-6815 7165
-6840 7164
-6864 7163
-6887 7162
-6909 7161
-6930 7160
-6950 7159
-6969 7158
-6987 7157
-7004 7156
-7020 7155
-7035 7154
-7049 7153
-7062 7152
-7074 7151
-7085 7150
-7095 7149
-7104 7148
-7112 7147
-7119 7146
-7125 7145
-7130 7144
-7134 7143
-7137 7142
-7139 7141
-7141 7139
-7142 7137
-7143 7134
-7144 7130
-7145 7125
-7146 7119
-7147 7112
-7148 7104
-7149 7095
-7150 7085
-7151 7074
-7152 7062
-7153 7049
-7154 7035
-7155 7020
-7156 7004
-7157 6987
-7158 6969
-7159 6950
-7160 6930
-7161 6909
-7162 6887
-7163 6864
-7164 6840
-7165 6815
-7166 6789
-7167 6762
-7168 6734
-7169 6705
-7170 6675
-7171 6644
-7172 6612
-7173 6579
-7174 6545
-7175 6510
-7176 6474
-7177 6437
-7178 6399
-7179 6360
-7180 6320
-7181 6279
-7182 6237
-7183 6194
-7184 6150
-7185 6105
-7186 6059
-7187 6012
-7188 5964
-7189 5915
-7190 5865
-7191 5814
-7192 5762
-7193 5709
-7194 5655
-7195 5600
-7196 5544
-7197 5487
-7198 5429
-7199 5370
-7200 5310
-7201 5249
-7202 5187
-7203 5124
-7204 5060
-7205 4995
-7206 4929
-7207 4862
-7208 4794
-7209 4725
-7210 4655
-7211 4584
-7212 4512
-7213 4439
-7214 4365
-7215 4290
-7216 4214
-7217 4137
-7218 4059
-7219 3980
-7220 3900
-7221 3819
-7222 3737
-7223 3654
-7224 3570
-7225 3485
-7226 3399
-7227 3312
-7228 3224
-7229 3135
-7230 3045
-7231 2954
-7232 2862
-7233 2769
-7234 2675
-7235 2580
-7236 2484
-7237 2387
-7238 2289
-7239 2190
-7240 2090
-7241 1989
-7242 1887
-7243 1784
-7244 1680
-7245 1575
-7246 1469
-7247 1362
-7248 1254
-7249 1145
-7250 1035
-7251 924
-7252 812
-7253 699
-7254 585
-7255 470
-7256 354
-7257 237
-7258 119
7259 0
7258 119
7257 237
7256 354
7255 470
7254 585
7253 699
7252 812
7251 924
7250 1035
7249 1145
7248 1254
7247 1362
7246 1469
7245 1575
7244 1680
7243 1784
7242 1887
7241 1989
7240 2090
7239 2190
7238 2289
7237 2387
7236 2484
7235 2580
7234 2675
7233 2769
7232 2862
7231 2954
7230 3045
7229 3135
7228 3224
7227 3312
7226 3399
7225 3485
7224 3570
7223 3654
7222 3737
7221 3819
7220 3900
7219 3980
7218 4059
7217 4137
7216 4214
7215 4290
7214 4365
7213 4439
7212 4512
7211 4584
7210 4655
7209 4725
7208 4794
7207 4862
7206 4929
7205 4995
7204 5060
7203 5124
7202 5187
7201 5249
7200 5310
7199 5370
7198 5429
7197 5487
7196 5544
7195 5600
7194 5655
7193 5709
7192 5762
7191 5814
7190 5865
7189 5915
7188 5964
7187 6012
7186 6059
7185 6105
474 29 97 416
119 7258
0 7259
-119 7258
-237 7257
-354 7256
-470 7255
-585 7254
-699 7253
-812 7252
-924 7251
-1035 7250
-1145 7249
-1254 7248
-1362 7247
-1469 7246
-1575 7245
-1680 7244
-1784 7243
-1887 7242
-1989 7241
-2090 7240
-2190 7239
-2289 7238
-2387 7237
-2484 7236
-2580 7235
-2675 7234
-2769 7233
-2862 7232
-2954 7231
-3045 7230
-3135 7229
-3224 7228
-3312 7227
-3399 7226
-3485 7225
-3570 7224
-3654 7223
-3737 7222
-3819 7221
-3900 7220
-3980 7219
-4059 7218
-4137 7217
-4214 7216
-4290 7215
-4365 7214
-4439 7213
-4512 7212
-4584 7211
-4655 7210
-4725 7209
-4794 7208
-4862 7207
-4929 7206
-4995 7205
-5060 7204
-5124 7203
-5187 7202
-5249 7201
-5310 7200
-5370 7199
-5429 7198
-5487 7197
-5544 7196
-5600 7195
-5655 7194
-5709 7193
-5762 7192
-5814 7191
-5865 7190
-5915 7189
-5964 7188
-6012 7187
-6059 7186
-6105 7185
-6150 7184
-6194 7183
-6237 7182
-6279 7181
-6320 7180
-6360 7179
-6399 7178
-6437 7177
-6474 7176
-6510 7175
-6545 7174
-6579 7173
-6612 7172
-6644 7171
-6675 7170
-6705 7169
-6734 7168
-6762 7167
-6789 7166
-6815 7165
-6840 7164
-6864 7163
-6887 7162
-6909 7161
-6930 7160
-6950 7159
-6969 7158
-6987 7157
-7004 7156
-7020 7155
-7035 7154
-7049 7153
-7062 7152
-7074 7151
-7085 7150
-7095 7149
-7104 7148
-7112 7147
-7119 7146
-7125 7145
-7130 7144
-7134 7143
-7137 7142
-7139 7141
-7141 7139
-7142 7137
-7143 7134
-7144 7130
-7145 7125
-7146 7119
-7147 7112
-7148 7104
-7149 7095
-7150 7085
-7151 7074
-7152 7062
-7153 7049
-7154 7035
-7155 7020
-7156 7004
-7157 6987
-7158 6969
-7159 6950
-7160 6930
-7161 6909
-7162 6887
-7163 6864
-7164 6840
-7165 6815
-7166 6789
-7167 6762
-7168 6734
-7169 6705
-7170 6675
-7171 6644
-7172 6612
-7173 6579
-7174 6545
-7175 6510
-7176 6474
-7177 6437
-7178 6399
-7179 6360
-7180 6320
-7181 6279
-7182 6237
-7183 6194
-7184 6150
-7185 6105
-7186 6059
-7187 6012
-7188 5964
-7189 5915
-7190 5865
-7191 5814
-7192 5762
-7193 5709
-7194 5655
-7195 5600
-7196 5544
-7197 5487
-7198 5429
-7199 5370
-7200 5310
-7201 5249
-7202 5187
-7203 5124
-7204 5060
-7205 4995
-7206 4929
-7207 4862
-7208 4794
-7209 4725
-7210 4655
-7211 4584
-7212 4512
-7213 4439
-7214 4365
-7215 4290
-7216 4214
-7217 4137
-7218 4059
-7219 3980
-7220 3900
-7221 3819
-7222 3737
-7223 3654
-7224 3570
-7225 3485
-7226 3399
-7227 3312
-7228 3224
-7229 3135
-7230 3045
-7231 2954
-7232 2862
-7233 2769
-7234 2675
-7235 2580
-7236 2484
-7237 2387
-7238 2289
-7239 2190
-7240 2090
-7241 1989
-7242 1887
-7243 1784
-7244 1680
-7245 1575
-7246 1469
-7247 1362
-7248 1254
-7249 1145
-7250 1035
-7251 924
-7252 812
-7253 699
-7254 585
-7255 470
-7256 354
-7257 237
-7258 119
7259 0
7258 119
7257 237
7256 354
7255 470
7254 585
7253 699
7252 812
7251 924
7250 1035
7249 1145
7248 1254
7247 1362
7246 1469
7245 1575
7244 1680
7243 1784
7242 1887
7241 1989
7240 2090
7239 2190
7238 2289
7237 2387
7236 2484
7235 2580
7234 2675
7233 2769
7232 2862
7231 2954
7230 3045
7229 3135
7228 3224
7227 3312
7226 3399
7225 3485
7224 3570
7223 3654
7222 3737
7221 3819
7220 3900
7219 3980
7218 4059
7217 4137
7216 4214
7215 4290
7214 4365
7213 4439
7212 4512
7211 4584
7210 4655
7209 4725
7208 4794
7207 4862
7206 4929
7205 4995
7204 5060
7203 5124
7202 5187
7201 5249
7200 5310
7199 5370
7198 5429
7197 5487
7196 5544
7195 5600
7194 5655
7193 5709
7192 5762
7191 5814
7190 5865
7189 5915
7188 5964
7187 6012
7186 6059
7185 6105
7184 6150
7183 6194
7182 6237
7181 6279
7180 6320
7179 6360
7178 6399
7177 6437
7176 6474
7175 6510
7174 6545
7173 6579
7172 6612
7171 6644
7170 6675
7169 6705
7168 6734
7167 6762
7166 6789
7165 6815
7164 6840
7163 6864
7162 6887
7161 6909
7160 6930
7159 6950
7158 6969
7157 6987
7156 7004
7155 7020
7154 7035
7153 7049
7152 7062
7151 7074
7150 7085
7149 7095
7148 7104
7147 7112
7146 7119
7145 7125
7144 7130
7143 7134
7142 7137
7141 7139
7139 7141
7137 7142
7134 7143
7130 7144
7125 7145
7119 7146
7112 7147
7104 7148
7095 7149
7085 7150
7074 7151
7062 7152
7049 7153
7035 7154
7020 7155
7004 7156
6987 7157
6969 7158
6950 7159
6930 7160
6909 7161
6887 7162
6864 7163
6840 7164
6815 7165
6789 7166
6762 7167
6734 7168
6705 7169
6675 7170
6644 7171
6612 7172
6579 7173
6545 7174
6510 7175
6474 7176
6437 7177
6399 7178
6360 7179
6320 7180
6279 7181
6237 7182
6194 7183
6150 7184
6105 7185
6059 7186
6012 7187
5964 7188
5915 7189
5865 7190
5814 7191
5762 7192
5709 7193
5655 7194
5600 7195
5544 7196
5487 7197
5429 7198
5370 7199
5310 7200
5249 7201
5187 7202
5124 7203
5060 7204
4995 7205
4929 7206
4862 7207
4794 7208
4725 7209
4655 7210
4584 7211
4512 7212
4439 7213
4365 7214
4290 7215
4214 7216
4137 7217
4059 7218
3980 7219
3900 7220
3819 7221
3737 7222
3654 7223
3570 7224
3485 7225
3399 7226
3312 7227
3224 7228
3135 7229
3045 7230
2954 7231
2862 7232
2769 7233
2675 7234
2580 7235
2484 7236
2387 7237
2289 7238
2190 7239
2090 7240
1989 7241
1887 7242
1784 7243
1680 7244
1575 7245
1469 7246
1362 7247
1254 7248
1145 7249
1035 7250
924 7251
812 7252
699 7253
585 7254
470 7255
354 7256
237 7257
474 73 237 313
-7227 3312
-7228 3224
-7229 3135
-7230 3045
-7231 2954
-7232 2862
-7233 2769
-7234 2675
-7235 2580
-7236 2484
-7237 2387
-7238 2289
-7239 2190
-7240 2090
-7241 1989
-7242 1887
-7243 1784
-7244 1680
-7245 1575
-7246 1469
-7247 1362
-7248 1254
-7249 1145
-7250 1035
-7251 924
-7252 812
-7253 699
-7254 585
-7255 470
-7256 354
-7257 237
-7258 119
7259 0
7258 119
7257 237
7256 354
7255 470
7254 585
7253 699
7252 812
7251 924
7250 1035
7249 1145
7248 1254
7247 1362
7246 1469
7245 1575
7244 1680
7243 1784
7242 1887
7241 1989
7240 2090
7239 2190
7238 2289
7237 2387
7236 2484
7235 2580
7234 2675
7233 2769
7232 2862
7231 2954
7230 3045
7229 3135
7228 3224
7227 3312
7226 3399
7225 3485
7224 3570
7223 3654
7222 3737
7221 3819
7220 3900
7219 3980
7218 4059
7217 4137
7216 4214
7215 4290
7214 4365
7213 4439
7212 4512
7211 4584
7210 4655
7209 4725
7208 4794
7207 4862
7206 4929
7205 4995
7204 5060
7203 5124
7202 5187
7201 5249
7200 5310
7199 5370
7198 5429
7197 5487
7196 5544
7195 5600
7194 5655
7193 5709
7192 5762
7191 5814
7190 5865
7189 5915
7188 5964
7187 6012
7186 6059
7185 6105
7184 6150
7183 6194
7182 6237
7181 6279
7180 6320
7179 6360
7178 6399
7177 6437
7176 6474
7175 6510
7174 6545
7173 6579
7172 6612
7171 6644
7170 6675
7169 6705
7168 6734
7167 6762
7166 6789
7165 6815
7164 6840
7163 6864
7162 6887
7161 6909
7160 6930
7159 6950
7158 6969
7157 6987
7156 7004
7155 7020
7154 7035
7153 7049
7152 7062
7151 7074
7150 7085
7149 7095
7148 7104
7147 7112
7146 7119
7145 7125
7144 7130
7143 7134
7142 7137
7141 7139
7139 7141
7137 7142
7134 7143
7130 7144
7125 7145
7119 7146
7112 7147
7104 7148
7095 7149
7085 7150
7074 7151
7062 7152
7049 7153
7035 7154
7020 7155
7004 7156
6987 7157
6969 7158
6950 7159
6930 7160
6909 7161
6887 7162
6864 7163
6840 7164
6815 7165
6789 7166
6762 7167
6734 7168
6705 7169
6675 7170
6644 7171
6612 7172
6579 7173
6545 7174
6510 7175
6474 7176
6437 7177
6399 7178
6360 7179
6320 7180
6279 7181
6237 7182
6194 7183
6150 7184
6105 7185
6059 7186
6012 7187
5964 7188
5915 7189
5865 7190
5814 7191
5762 7192
5709 7193
5655 7194
5600 7195
5544 7196
5487 7197
5429 7198
5370 7199
5310 7200
5249 7201
5187 7202
5124 7203
5060 7204
4995 7205
4929 7206
4862 7207
4794 7208
4725 7209
4655 7210
4584 7211
4512 7212
4439 7213
4365 7214
4290 7215
4214 7216
4137 7217
4059 7218
3980 7219
3900 7220
3819 7221
3737 7222
3654 7223
3570 7224
3485 7225
3399 7226
3312 7227
3224 7228
3135 7229
3045 7230
2954 7231
2862 7232
2769 7233
2675 7234
2580 7235
2484 7236
2387 7237
2289 7238
2190 7239
2090 7240
1989 7241
1887 7242
1784 7243
1680 7244
1575 7245
1469 7246
1362 7247
1254 7248
1145 7249
1035 7250
924 7251
812 7252
699 7253
585 7254
470 7255
354 7256
237 7257
119 7258
0 7259
-119 7258
-237 7257
-354 7256
-470 7255
-585 7254
-699 7253
-812 7252
-924 7251
-1035 7250
-1145 7249
-1254 7248
-1362 7247
-1469 7246
-1575 7245
-1680 7244
-1784 7243
-1887 7242
-1989 7241
-2090 7240
-2190 7239
-2289 7238
-2387 7237
-2484 7236
-2580 7235
-2675 7234
-2769 7233
-2862 7232
-2954 7231
-3045 7230
-3135 7229
-3224 7228
-3312 7227
-3399 7226
-3485 7225
-3570 7224
-3654 7223
-3737 7222
-3819 7221
-3900 7220
-3980 7219
-4059 7218
-4137 7217
-4214 7216
-4290 7215
-4365 7214
-4439 7213
-4512 7212
-4584 7211
-4655 7210
-4725 7209
-4794 7208
-4862 7207
-4929 7206
-4995 7205
-5060 7204
-5124 7203
-5187 7202
-5249 7201
-5310 7200
-5370 7199
-5429 7198
-5487 7197
-5544 7196
-5600 7195
-5655 7194
-5709 7193
-5762 7192
-5814 7191
-5865 7190
-5915 7189
-5964 7188
-6012 7187
-6059 7186
-6105 7185
-6150 7184
-6194 7183
-6237 7182
-6279 7181
-6320 7180
-6360 7179
-6399 7178
-6437 7177
-6474 7176
-6510 7175
-6545 7174
-6579 7173
-6612 7172
-6644 7171
-6675 7170
-6705 7169
-6734 7168
-6762 7167
-6789 7166
-6815 7165
-6840 7164
-6864 7163
-6887 7162
-6909 7161
-6930 7160
-6950 7159
-6969 7158
-6987 7157
-7004 7156
-7020 7155
-7035 7154
-7049 7153
-7062 7152
-7074 7151
-7085 7150
-7095 7149
-7104 7148
-7112 7147
-7119 7146
-7125 7145
-7130 7144
-7134 7143
-7137 7142
-7139 7141
-7141 7139
-7142 7137
-7143 7134
-7144 7130
-7145 7125
-7146 7119
-7147 7112
-7148 7104
-7149 7095
-7150 7085
-7151 7074
-7152 7062
-7153 7049
-7154 7035
-7155 7020
-7156 7004
-7157 6987
-7158 6969
-7159 6950
-7160 6930
-7161 6909
-7162 6887
-7163 6864
-7164 6840
-7165 6815
-7166 6789
-7167 6762
-7168 6734
-7169 6705
-7170 6675
-7171 6644
-7172 6612
-7173 6579
-7174 6545
-7175 6510
-7176 6474
-7177 6437
-7178 6399
-7179 6360
-7180 6320
-7181 6279
-7182 6237
-7183 6194
-7184 6150
-7185 6105
-7186 6059
-7187 6012
-7188 5964
-7189 5915
-7190 5865
-7191 5814
-7192 5762
-7193 5709
-7194 5655
-7195 5600
-7196 5544
-7197 5487
-7198 5429
-7199 5370
-7200 5310
-7201 5249
-7202 5187
-7203 5124
-7204 5060
-7205 4995
-7206 4929
-7207 4862
-7208 4794
-7209 4725
-7210 4655
-7211 4584
-7212 4512
-7213 4439
-7214 4365
-7215 4290
-7216 4214
-7217 4137
-7218 4059
-7219 3980
-7220 3900
-7221 3819
-7222 3737
-7223 3654
-7224 3570
-7225 3485
-7226 3399
474 20 425 434
-6360 7179
-6399 7178
-6437 7177
-6474 7176
-6510 7175
-6545 7174
-6579 7173
-6612 7172
-6644 7171
-6675 7170
-6705 7169
-6734 7168
-6762 7167
-6789 7166
-6815 7165
-6840 7164
-6864 7163
-6887 7162
-6909 7161
-6930 7160
-6950 7159
-6969 7158
-6987 7157
-7004 7156
-7020 7155
-7035 7154
-7049 7153
-7062 7152
-7074 7151
-7085 7150
-7095 7149
-7104 7148
-7112 7147
-7119 7146
-7125 7145
-7130 7144
-7134 7143
-7137 7142
-7139 7141
-7141 7139
-7142 7137
-7143 7134
-7144 7130
-7145 7125
-7146 7119
-7147 7112
-7148 7104
-7149 7095
-7150 7085
-7151 7074
-7152 7062
-7153 7049
-7154 7035
-7155 7020
-7156 7004
-7157 6987
-7158 6969
-7159 6950
-7160 6930
-7161 6909
-7162 6887
-7163 6864
-7164 6840
-7165 6815
-7166 6789
-7167 6762
-7168 6734
-7169 6705
-7170 6675
-7171 6644
-7172 6612
-7173 6579
-7174 6545
-7175 6510
-7176 6474
-7177 6437
-7178 6399
-7179 6360
-7180 6320
-7181 6279
-7182 6237
-7183 6194
-7184 6150
-7185 6105
-7186 6059
-7187 6012
-7188 5964
-7189 5915
-7190 5865
-7191 5814
-7192 5762
-7193 5709
-7194 5655
-7195 5600
-7196 5544
-7197 5487
-7198 5429
-7199 5370
-7200 5310
-7201 5249
-7202 5187
-7203 5124
-7204 5060
-7205 4995
-7206 4929
-7207 4862
-7208 4794
-7209 4725
-7210 4655
-7211 4584
-7212 4512
-7213 4439
-7214 4365
-7215 4290
-7216 4214
-7217 4137
-7218 4059
-7219 3980
-7220 3900
-7221 3819
-7222 3737
-7223 3654
-7224 3570
-7225 3485
-7226 3399
-7227 3312
-7228 3224
-7229 3135
-7230 3045
-7231 2954
-7232 2862
-7233 2769
-7234 2675
-7235 2580
-7236 2484
-7237 2387
-7238 2289
-7239 2190
-7240 2090
-7241 1989
-7242 1887
-7243 1784
-7244 1680
-7245 1575
-7246 1469
-7247 1362
-7248 1254
-7249 1145
-7250 1035
-7251 924
-7252 812
-7253 699
-7254 585
-7255 470
-7256 354
-7257 237
-7258 119
7259 0
7258 119
7257 237
7256 354
7255 470
7254 585
7253 699
7252 812
7251 924
7250 1035
7249 1145
7248 1254
7247 1362
7246 1469
7245 1575
7244 1680
7243 1784
7242 1887
7241 1989
7240 2090
7239 2190
7238 2289
7237 2387
7236 2484
7235 2580
7234 2675
7233 2769
7232 2862
7231 2954
7230 3045
7229 3135
7228 3224
7227 3312
7226 3399
7225 3485
7224 3570
7223 3654
7222 3737
7221 3819
7220 3900
7219 3980
7218 4059
7217 4137
7216 4214
7215 4290
7214 4365
7213 4439
7212 4512
7211 4584
7210 4655
7209 4725
7208 4794
7207 4862
7206 4929
7205 4995
7204 5060
7203 5124
7202 5187
7201 5249
7200 5310
7199 5370
7198 5429
7197 5487
7196 5544
7195 5600
7194 5655
7193 5709
7192 5762
7191 5814
7190 5865
7189 5915
7188 5964
7187 6012
7186 6059
7185 6105
7184 6150
7183 6194
7182 6237
7181 6279
7180 6320
7179 6360
7178 6399
7177 6437
7176 6474
7175 6510
7174 6545
7173 6579
7172 6612
7171 6644
7170 6675
7169 6705
7168 6734
7167 6762
7166 6789
7165 6815
7164 6840
7163 6864
7162 6887
7161 6909
7160 6930
7159 6950
7158 6969
7157 6987
7156 7004
7155 7020
7154 7035
7153 7049
7152 7062
7151 7074
7150 7085
7149 7095
7148 7104
7147 7112
7146 7119
7145 7125
7144 7130
7143 7134
7142 7137
7141 7139
7139 7141
7137 7142
7134 7143
7130 7144
7125 7145
7119 7146
7112 7147
7104 7148
7095 7149
7085 7150
7074 7151
7062 7152
7049 7153
7035 7154
7020 7155
7004 7156
6987 7157
6969 7158
6950 7159
6930 7160
6909 7161
6887 7162
6864 7163
6840 7164
6815 7165
6789 7166
6762 7167
6734 7168
6705 7169
6675 7170
6644 7171
6612 7172
6579 7173
6545 7174
6510 7175
6474 7176
6437 7177
6399 7178
6360 7179
6320 7180
6279 7181
6237 7182
6194 7183
6150 7184
6105 7185
6059 7186
6012 7187
5964 7188
5915 7189
5865 7190
5814 7191
5762 7192
5709 7193
5655 7194
5600 7195
5544 7196
5487 7197
5429 7198
5370 7199
5310 7200
5249 7201
5187 7202
5124 7203
5060 7204
4995 7205
4929 7206
4862 7207
4794 7208
4725 7209
4655 7210
4584 7211
4512 7212
4439 7213
4365 7214
4290 7215
4214 7216
4137 7217
4059 7218
3980 7219
3900 7220
3819 7221
3737 7222
3654 7223
3570 7224
3485 7225
3399 7226
3312 7227
3224 7228
3135 7229
3045 7230
2954 7231
2862 7232
2769 7233
2675 7234
2580 7235
2484 7236
2387 7237
2289 7238
2190 7239
2090 7240
1989 7241
1887 7242
1784 7243
1680 7244
1575 7245
1469 7246
1362 7247
1254 7248
1145 7249
1035 7250
924 7251
812 7252
699 7253
585 7254
470 7255
354 7256
237 7257
119 7258
0 7259
-119 7258
-237 7257
-354 7256
-470 7255
-585 7254
-699 7253
-812 7252
-924 7251
-1035 7250
-1145 7249
-1254 7248
-1362 7247
-1469 7246
-1575 7245
-1680 7244
-1784 7243
-1887 7242
-1989 7241
-2090 7240
-2190 7239
-2289 7238
-2387 7237
-2484 7236
-2580 7235
-2675 7234
-2769 7233
-2862 7232
-2954 7231
-3045 7230
-3135 7229
-3224 7228
-3312 7227
-3399 7226
-3485 7225
-3570 7224
-3654 7223
-3737 7222
-3819 7221
-3900 7220
-3980 7219
-4059 7218
-4137 7217
-4214 7216
-4290 7215
-4365 7214
-4439 7213
-4512 7212
-4584 7211
-4655 7210
-4725 7209
-4794 7208
-4862 7207
-4929 7206
-4995 7205
-5060 7204
-5124 7203
-5187 7202
-5249 7201
-5310 7200
-5370 7199
-5429 7198
-5487 7197
-5544 7196
-5600 7195
-5655 7194
-5709 7193
-5762 7192
-5814 7191
-5865 7190
-5915 7189
-5964 7188
-6012 7187
-6059 7186
-6105 7185
-6150 7184
-6194 7183
-6237 7182
-6279 7181
-6320 7180
474 54 134 371
4584 7211
4512 7212
4439 7213
4365 7214
4290 7215
4214 7216
4137 7217
4059 7218
3980 7219
3900 7220
3819 7221
3737 7222
3654 7223
3570 7224
3485 7225
3399 7226
3312 7227
3224 7228
3135 7229
3045 7230
2954 7231
2862 7232
2769 7233
2675 7234
2580 7235
2484 7236
2387 7237
2289 7238
2190 7239
2090 7240
1989 7241
1887 7242
1784 7243
1680 7244
1575 7245
1469 7246
1362 7247
1254 7248
1145 7249
1035 7250
924 7251
812 7252
699 7253
585 7254
470 7255
354 7256
237 7257
119 7258
0 7259
-119 7258
-237 7257
-354 7256
-470 7255
-585 7254
-699 7253
-812 7252
-924 7251
-1035 7250
-1145 7249
-1254 7248
-1362 7247
-1469 7246
-1575 7245
-1680 7244
-1784 7243
-1887 7242
-1989 7241
-2090 7240
-2190 7239
-2289 7238
-2387 7237
-2484 7236
-2580 7235
-2675 7234
-2769 7233
-2862 7232
-2954 7231
-3045 7230
-3135 7229
-3224 7228
-3312 7227
-3399 7226
-3485 7225
-3570 7224
-3654 7223
-3737 7222
-3819 7221
-3900 7220
-3980 7219
-4059 7218
-4137 7217
-4214 7216
-4290 7215
-4365 7214
-4439 7213
-4512 7212
-4584 7211
-4655 7210
-4725 7209
-4794 7208
-4862 7207
-4929 7206
-4995 7205
-5060 7204
-5124 7203
-5187 7202
-5249 7201
-5310 7200
-5370 7199
-5429 7198
-5487 7197
-5544 7196
-5600 7195
-5655 7194
-5709 7193
-5762 7192
-5814 7191
-5865 7190
-5915 7189
-5964 7188
-6012 7187
-6059 7186
-6105 7185
-6150 7184
-6194 7183
-6237 7182
-6279 7181
-6320 7180
-6360 7179
-6399 7178
-6437 7177
-6474 7176
-6510 7175
-6545 7174
-6579 7173
-6612 7172
-6644 7171
-6675 7170
-6705 7169
-6734 7168
-6762 7167
-6789 7166
-6815 7165
-6840 7164
-6864 7163
-6887 7162
-6909 7161
-6930 7160
-6950 7159
-6969 7158
-6987 7157
-7004 7156
-7020 7155
-7035 7154
-7049 7153
-7062 7152
-7074 7151
-7085 7150
-7095 7149
-7104 7148
-7112 7147
-7119 7146
-7125 7145
-7130 7144
-7134 7143
-7137 7142
-7139 7141
-7141 7139
-7142 7137
-7143 7134
-7144 7130
-7145 7125
-7146 7119
-7147 7112
-7148 7104
-7149 7095
-7150 7085
-7151 7074
-7152 7062
-7153 7049
-7154 7035
-7155 7020
-7156 7004
-7157 6987
-7158 6969
-7159 6950
-7160 6930
-7161 6909
-7162 6887
-7163 6864
-7164 6840
-7165 6815
-7166 6789
-7167 6762
-7168 6734
-7169 6705
-7170 6675
-7171 6644
-7172 6612
-7173 6579
-7174 6545
-7175 6510
-7176 6474
-7177 6437
-7178 6399
-7179 6360
-7180 6320
-7181 6279
-7182 6237
-7183 6194
-7184 6150
-7185 6105
-7186 6059
-7187 6012
-7188 5964
-7189 5915
-7190 5865
-7191 5814
-7192 5762
-7193 5709
-7194 5655
-7195 5600
-7196 5544
-7197 5487
-7198 5429
-7199 5370
-7200 5310
-7201 5249
-7202 5187
-7203 5124
-7204 5060
-7205 4995
-7206 4929
-7207 4862
-7208 4794
-7209 4725
-7210 4655
-7211 4584
-7212 4512
-7213 4439
-7214 4365
-7215 4290
-7216 4214
-7217 4137
-7218 4059
-7219 3980
-7220 3900
-7221 3819
-7222 3737
-7223 3654
-7224 3570
-7225 3485
-7226 3399
-7227 3312
-7228 3224
-7229 3135
-7230 3045
-7231 2954
-7232 2862
-7233 2769
-7234 2675
-7235 2580
-7236 2484
-7237 2387
-7238 2289
-7239 2190
-7240 2090
-7241 1989
-7242 1887
-7243 1784
-7244 1680
-7245 1575
-7246 1469
-7247 1362
-7248 1254
-7249 1145
-7250 1035
-7251 924
-7252 812
-7253 699
-7254 585
-7255 470
-7256 354
-7257 237
-7258 119
7259 0
7258 119
7257 237
7256 354
7255 470
7254 585
7253 699
7252 812
7251 924
7250 1035
7249 1145
7248 1254
7247 1362
7246 1469
7245 1575
7244 1680
7243 1784
7242 1887
7241 1989
7240 2090
7239 2190
7238 2289
7237 2387
7236 2484
7235 2580
7234 2675
7233 2769
7232 2862
7231 2954
7230 3045
7229 3135
7228 3224
7227 3312
7226 3399
7225 3485
7224 3570
7223 3654
7222 3737
7221 3819
7220 3900
7219 3980
7218 4059
7217 4137
7216 4214
7215 4290
7214 4365
7213 4439
7212 4512
7211 4584
7210 4655
7209 4725
7208 4794
7207 4862
7206 4929
7205 4995
7204 5060
7203 5124
7202 5187
7201 5249
7200 5310
7199 5370
7198 5429
7197 5487
7196 5544
7195 5600
7194 5655
7193 5709
7192 5762
7191 5814
7190 5865
7189 5915
7188 5964
7187 6012
7186 6059
7185 6105
7184 6150
7183 6194
7182 6237
7181 6279
7180 6320
7179 6360
7178 6399
7177 6437
7176 6474
7175 6510
7174 6545
7173 6579
7172 6612
7171 6644
7170 6675
7169 6705
7168 6734
7167 6762
7166 6789
7165 6815
7164 6840
7163 6864
7162 6887
7161 6909
7160 6930
7159 6950
7158 6969
7157 6987
7156 7004
7155 7020
7154 7035
7153 7049
7152 7062
7151 7074
7150 7085
7149 7095
7148 7104
7147 7112
7146 7119
7145 7125
7144 7130
7143 7134
7142 7137
7141 7139
7139 7141
7137 7142
7134 7143
7130 7144
7125 7145
7119 7146
7112 7147
7104 7148
7095 7149
7085 7150
7074 7151
7062 7152
7049 7153
7035 7154
7020 7155
7004 7156
6987 7157
6969 7158
6950 7159
6930 7160
6909 7161
6887 7162
6864 7163
6840 7164
6815 7165
6789 7166
6762 7167
6734 7168
6705 7169
6675 7170
6644 7171
6612 7172
6579 7173
6545 7174
6510 7175
6474 7176
6437 7177
6399 7178
6360 7179
6320 7180
6279 7181
6237 7182
6194 7183
6150 7184
6105 7185
6059 7186
6012 7187
5964 7188
5915 7189
5865 7190
5814 7191
5762 7192
5709 7193
5655 7194
5600 7195
5544 7196
5487 7197
5429 7198
5370 7199
5310 7200
5249 7201
5187 7202
5124 7203
5060 7204
4995 7205
4929 7206
4862 7207
4794 7208
4725 7209
4655 7210
948 46 623 759
-119 7258
-237 7257
-354 7256
-470 7255
-585 7254
-699 7253
-812 7252
-924 7251
-1035 7250
-1145 7249
-1254 7248
-1362 7247
-1469 7246
-1575 7245
-1680 7244
-1784 7243
-1887 7242
-1989 7241
-2090 7240
-2190 7239
-2289 7238
-2387 7237
-2484 7236
-2580 7235
-2675 7234
-2769 7233
-2862 7232
-2954 7231
-3045 7230
-3135 7229
-3224 7228
-3312 7227
-3399 7226
-3485 7225
-3570 7224
-3654 7223
-3737 7222
-3819 7221
-3900 7220
-3980 7219
-4059 7218
-4137 7217
-4214 7216
-4290 7215
-4365 7214
-4439 7213
-4512 7212
-4584 7211
-4655 7210
-4725 7209
-4794 7208
-4862 7207
-4929 7206
-4995 7205
-5060 7204
-5124 7203
-5187 7202
-5249 7201
-5310 7200
-5370 7199
-5429 7198
-5487 7197
-5544 7196
-5600 7195
-5655 7194
-5709 7193
-5762 7192
-5814 7191
-5865 7190
-5915 7189
-5964 7188
-6012 7187
-6059 7186
-6105 7185
-6150 7184
-6194 7183
-6237 7182
-6279 7181
-6320 7180
-6360 7179
-6399 7178
-6437 7177
-6474 7176
-6510 7175
-6545 7174
-6579 7173
-6612 7172
-6644 7171
-6675 7170
-6705 7169
-6734 7168
-6762 7167
-6789 7166
-6815 7165
-6840 7164
-6864 7163
-6887 7162
-6909 7161
-6930 7160
-6950 7159
-6969 7158
-6987 7157
-7004 7156
-7020 7155
-7035 7154
-7049 7153
-7062 7152
-7074 7151
-7085 7150
-7095 7149
-7104 7148
-7112 7147
-7119 7146
-7125 7145
-7130 7144
-7134 7143
-7137 7142
-7139 7141
-7141 7139
-7142 7137
-7143 7134
-7144 7130
-7145 7125
-7146 7119
-7147 7112
-7148 7104
-7149 7095
-7150 7085
-7151 7074
-7152 7062
-7153 7049
-7154 7035
-7155 7020
-7156 7004
-7157 6987
-7158 6969
-7159 6950
-7160 6930
-7161 6909
-7162 6887
-7163 6864
-7164 6840
-7165 6815
-7166 6789
-7167 6762
-7168 6734
-7169 6705
-7170 6675
-7171 6644
-7172 6612
-7173 6579
-7174 6545
-7175 6510
-7176 6474
-7177 6437
-7178 6399
-7179 6360
-7180 6320
-7181 6279
-7182 6237
-7183 6194
-7184 6150
-7185 6105
-7186 6059
-7187 6012
-7188 5964
-7189 5915
-7190 5865
-7191 5814
-7192 5762
-7193 5709
-7194 5655
-7195 5600
-7196 5544
-7197 5487
-7198 5429
-7199 5370
-7200 5310
-7201 5249
-7202 5187
-7203 5124
-7204 5060
-7205 4995
-7206 4929
-7207 4862
-7208 4794
-7209 4725
-7210 4655
-7211 4584
-7212 4512
-7213 4439
-7214 4365
-7215 4290
-7216 4214
-7217 4137
-7218 4059
-7219 3980
-7220 3900
-7221 3819
-7222 3737
-7223 3654
-7224 3570
-7225 3485
-7226 3399
-7227 3312
-7228 3224
-7229 3135
-7230 3045
-7231 2954
-7232 2862
-7233 2769
-7234 2675
-7235 2580
-7236 2484
-7237 2387
-7238 2289
-7239 2190
-7240 2090
-7241 1989
-7242 1887
-7243 1784
-7244 1680
-7245 1575
-7246 1469
-7247 1362
-7248 1254
-7249 1145
-7250 1035
-7251 924
-7252 812
-7253 699
-7254 585
-7255 470
-7256 354
-7257 237
-7258 119
-7259 0
-7258 -119
-7257 -237
-7256 -354
-7255 -470
-7254 -585
-7253 -699
-7252 -812
-7251 -924
-7250 -1035
-7249 -1145
-7248 -1254
-7247 -1362
-7246 -1469
-7245 -1575
-7244 -1680
-7243 -1784
-7242 -1887
-7241 -1989
-7240 -2090
-7239 -2190
-7238 -2289
-7237 -2387
-7236 -2484
-7235 -2580
-7234 -2675
-7233 -2769
-7232 -2862
-7231 -2954
-7230 -3045
-7229 -3135
-7228 -3224
-7227 -3312
-7226 -3399
-7225 -3485
-7224 -3570
-7223 -3654
-7222 -3737
-7221 -3819
-7220 -3900
-7219 -3980
-7218 -4059
-7217 -4137
-7216 -4214
-7215 -4290
-7214 -4365
-7213 -4439
-7212 -4512
-7211 -4584
-7210 -4655
-7209 -4725
-7208 -4794
-7207 -4862
-7206 -4929
-7205 -4995
-7204 -5060
-7203 -5124
-7202 -5187
-7201 -5249
-7200 -5310
-7199 -5370
-7198 -5429
-7197 -5487
-7196 -5544
-7195 -5600
-7194 -5655
-7193 -5709
-7192 -5762
-7191 -5814
-7190 -5865
-7189 -5915
-7188 -5964
-7187 -6012
-7186 -6059
-7185 -6105
-7184 -6150
-7183 -6194
-7182 -6237
-7181 -6279
-7180 -6320
-7179 -6360
-7178 -6399
-7177 -6437
-7176 -6474
-7175 -6510
-7174 -6545
-7173 -6579
-7172 -6612
-7171 -6644
-7170 -6675
-7169 -6705
-7168 -6734
-7167 -6762
-7166 -6789
-7165 -6815
-7164 -6840
-7163 -6864
-7162 -6887
-7161 -6909
-7160 -6930
-7159 -6950
-7158 -6969
-7157 -6987
-7156 -7004
-7155 -7020
-7154 -7035
-7153 -7049
-7152 -7062
-7151 -7074
-7150 -7085
-7149 -7095
-7148 -7104
-7147 -7112
-7146 -7119
-7145 -7125
-7144 -7130
-7143 -7134
-7142 -7137
-7141 -7139
-7139 -7141
-7137 -7142
-7134 -7143
-7130 -7144
-7125 -7145
-7119 -7146
-7112 -7147
-7104 -7148
-7095 -7149
-7085 -7150
-7074 -7151
-7062 -7152
-7049 -7153
-7035 -7154
-7020 -7155
-7004 -7156
-6987 -7157
-6969 -7158
-6950 -7159
-6930 -7160
-6909 -7161
-6887 -7162
-6864 -7163
-6840 -7164
-6815 -7165
-6789 -7166
-6762 -7167
-6734 -7168
-6705 -7169
-6675 -7170
-6644 -7171
-6612 -7172
-6579 -7173
-6545 -7174
-6510 -7175
-6474 -7176
-6437 -7177
-6399 -7178
-6360 -7179
-6320 -7180
-6279 -7181
-6237 -7182
-6194 -7183
-6150 -7184
-6105 -7185
-6059 -7186
-6012 -7187
-5964 -7188
-5915 -7189
-5865 -7190
-5814 -7191
-5762 -7192
-5709 -7193
-5655 -7194
-5600 -7195
-5544 -7196
-5487 -7197
-5429 -7198
-5370 -7199
-5310 -7200
-5249 -7201
-5187 -7202
-5124 -7203
-5060 -7204
-4995 -7205
-4929 -7206
-4862 -7207
-4794 -7208
-4725 -7209
-4655 -7210
-4584 -7211
-4512 -7212
-4439 -7213
-4365 -7214
-4290 -7215
-4214 -7216
-4137 -7217
-4059 -7218
-3980 -7219
-3900 -7220
-3819 -7221
-3737 -7222
-3654 -7223
-3570 -7224
-3485 -7225
-3399 -7226
-3312 -7227
-3224 -7228
-3135 -7229
-3045 -7230
-2954 -7231
-2862 -7232
-2769 -7233
-2675 -7234
-2580 -7235
-2484 -7236
-2387 -7237
-2289 -7238
-2190 -7239
-2090 -7240
-1989 -7241
-1887 -7242
-1784 -7243
-1680 -7244
-1575 -7245
-1469 -7246
-1362 -7247
-1254 -7248
-1145 -7249
-1035 -7250
-924 -7251
-812 -7252
-699 -7253
-585 -7254
-470 -7255
-354 -7256
-237 -7257
-119 -7258
0 -7259
119 -7258
237 -7257
354 -7256
470 -7255
585 -7254
699 -7253
812 -7252
924 -7251
1035 -7250
1145 -7249
1254 -7248
1362 -7247
1469 -7246
1575 -7245
1680 -7244
1784 -7243
1887 -7242
1989 -7241
2090 -7240
2190 -7239
2289 -7238
2387 -7237
2484 -7236
2580 -7235
2675 -7234
2769 -7233
2862 -7232
2954 -7231
3045 -7230
3135 -7229
3224 -7228
3312 -7227
3399 -7226
3485 -7225
3570 -7224
3654 -7223
3737 -7222
3819 -7221
3900 -7220
3980 -7219
4059 -7218
4137 -7217
4214 -7216
4290 -7215
4365 -7214
4439 -7213
4512 -7212
4584 -7211
4655 -7210
4725 -7209
4794 -7208
4862 -7207
4929 -7206
4995 -7205
5060 -7204
5124 -7203
5187 -7202
5249 -7201
5310 -7200
5370 -7199
5429 -7198
5487 -7197
5544 -7196
5600 -7195
5655 -7194
5709 -7193
5762 -7192
5814 -7191
5865 -7190
5915 -7189
5964 -7188
6012 -7187
6059 -7186
6105 -7185
6150 -7184
6194 -7183
6237 -7182
6279 -7181
6320 -7180
6360 -7179
6399 -7178
6437 -7177
6474 -7176
6510 -7175
6545 -7174
6579 -7173
6612 -7172
6644 -7171
6675 -7170
6705 -7169
6734 -7168
6762 -7167
6789 -7166
6815 -7165
6840 -7164
6864 -7163
6887 -7162
6909 -7161
6930 -7160
6950 -7159
6969 -7158
6987 -7157
7004 -7156
7020 -7155
7035 -7154
7049 -7153
7062 -7152
7074 -7151
7085 -7150
7095 -7149
7104 -7148
7112 -7147
7119 -7146
7125 -7145
7130 -7144
7134 -7143
7137 -7142
7139 -7141
7141 -7139
7142 -7137
7143 -7134
7144 -7130
7145 -7125
7146 -7119
7147 -7112
7148 -7104
7149 -7095
7150 -7085
7151 -7074
7152 -7062
7153 -7049
7154 -7035
7155 -7020
7156 -7004
7157 -6987
7158 -6969
7159 -6950
7160 -6930
7161 -6909
7162 -6887
7163 -6864
7164 -6840
7165 -6815
7166 -6789
7167 -6762
7168 -6734
7169 -6705
7170 -6675
7171 -6644
7172 -6612
7173 -6579
7174 -6545
7175 -6510
7176 -6474
7177 -6437
7178 -6399
7179 -6360
7180 -6320
7181 -6279
7182 -6237
7183 -6194
7184 -6150
7185 -6105
7186 -6059
7187 -6012
7188 -5964
7189 -5915
7190 -5865
7191 -5814
7192 -5762
7193 -5709
7194 -5655
7195 -5600
7196 -5544
7197 -5487
7198 -5429
7199 -5370
7200 -5310
7201 -5249
7202 -5187
7203 -5124
7204 -5060
7205 -4995
7206 -4929
7207 -4862
7208 -4794
7209 -4725
7210 -4655
7211 -4584
7212 -4512
7213 -4439
7214 -4365
7215 -4290
7216 -4214
7217 -4137
7218 -4059
7219 -3980
7220 -3900
7221 -3819
7222 -3737
7223 -3654
7224 -3570
7225 -3485
7226 -3399
7227 -3312
7228 -3224
7229 -3135
7230 -3045
7231 -2954
7232 -2862
7233 -2769
7234 -2675
7235 -2580
7236 -2484
7237 -2387
7238 -2289
7239 -2190
7240 -2090
7241 -1989
7242 -1887
7243 -1784
7244 -1680
7245 -1575
7246 -1469
7247 -1362
7248 -1254
7249 -1145
7250 -1035
7251 -924
7252 -812
7253 -699
7254 -585
7255 -470
7256 -354
7257 -237
7258 -119
7259 0
7258 119
7257 237
7256 354
7255 470
7254 585
7253 699
7252 812
7251 924
7250 1035
7249 1145
7248 1254
7247 1362
7246 1469
7245 1575
7244 1680
7243 1784
7242 1887
7241 1989
7240 2090
7239 2190
7238 2289
7237 2387
7236 2484
7235 2580
7234 2675
7233 2769
7232 2862
7231 2954
7230 3045
7229 3135
7228 3224
7227 3312
7226 3399
7225 3485
7224 3570
7223 3654
7222 3737
7221 3819
7220 3900
7219 3980
7218 4059
7217 4137
7216 4214
7215 4290
7214 4365
7213 4439
7212 4512
7211 4584
7210 4655
7209 4725
7208 4794
7207 4862
7206 4929
7205 4995
7204 5060
7203 5124
7202 5187
7201 5249
7200 5310
7199 5370
7198 5429
7197 5487
7196 5544
7195 5600
7194 5655
7193 5709
7192 5762
7191 5814
7190 5865
7189 5915
7188 5964
7187 6012
7186 6059
7185 6105
7184 6150
7183 6194
7182 6237
7181 6279
7180 6320
7179 6360
7178 6399
7177 6437
7176 6474
7175 6510
7174 6545
7173 6579
7172 6612
7171 6644
7170 6675
7169 6705
7168 6734
7167 6762
7166 6789
7165 6815
7164 6840
7163 6864
7162 6887
7161 6909
7160 6930
7159 6950
7158 6969
7157 6987
7156 7004
7155 7020
7154 7035
7153 7049
7152 7062
7151 7074
7150 7085
7149 7095
7148 7104
7147 7112
7146 7119
7145 7125
7144 7130
7143 7134
7142 7137
7141 7139
7139 7141
7137 7142
7134 7143
7130 7144
7125 7145
7119 7146
7112 7147
7104 7148
7095 7149
7085 7150
7074 7151
7062 7152
7049 7153
7035 7154
7020 7155
7004 7156
6987 7157
6969 7158
6950 7159
6930 7160
6909 7161
6887 7162
6864 7163
6840 7164
6815 7165
6789 7166
6762 7167
6734 7168
6705 7169
6675 7170
6644 7171
6612 7172
6579 7173
6545 7174
6510 7175
6474 7176
6437 7177
6399 7178
6360 7179
6320 7180
6279 7181
6237 7182
6194 7183
6150 7184
6105 7185
6059 7186
6012 7187
5964 7188
5915 7189
5865 7190
5814 7191
5762 7192
5709 7193
5655 7194
5600 7195
5544 7196
5487 7197
5429 7198
5370 7199
5310 7200
5249 7201
5187 7202
5124 7203
5060 7204
4995 7205
4929 7206
4862 7207
4794 7208
4725 7209
4655 7210
4584 7211
4512 7212
4439 7213
4365 7214
4290 7215
4214 7216
4137 7217
4059 7218
3980 7219
3900 7220
3819 7221
3737 7222
3654 7223
3570 7224
3485 7225
3399 7226
3312 7227
3224 7228
3135 7229
3045 7230
2954 7231
2862 7232
2769 7233
2675 7234
2580 7235
2484 7236
2387 7237
2289 7238
2190 7239
2090 7240
1989 7241
1887 7242
1784 7243
1680 7244
1575 7245
1469 7246
1362 7247
1254 7248
1145 7249
1035 7250
924 7251
812 7252
699 7253
585 7254
470 7255
354 7256
237 7257
119 7258
0 7259
948 176 256 795
7163 -6864
7164 -6840
7165 -6815
7166 -6789
7167 -6762
7168 -6734
7169 -6705
7170 -6675
7171 -6644
7172 -6612
7173 -6579
7174 -6545
7175 -6510
7176 -6474
7177 -6437
7178 -6399
7179 -6360
7180 -6320
7181 -6279
7182 -6237
7183 -6194
7184 -6150
7185 -6105
7186 -6059
7187 -6012
7188 -5964
7189 -5915
7190 -5865
7191 -5814
7192 -5762
7193 -5709
7194 -5655
7195 -5600
7196 -5544
7197 -5487
7198 -5429
7199 -5370
7200 -5310
7201 -5249
7202 -5187
7203 -5124
7204 -5060
7205 -4995
7206 -4929
7207 -4862
7208 -4794
7209 -4725
7210 -4655
7211 -4584
7212 -4512
7213 -4439
7214 -4365
7215 -4290
7216 -4214
7217 -4137
7218 -4059
7219 -3980
7220 -3900
7221 -3819
7222 -3737
7223 -3654
7224 -3570
7225 -3485
7226 -3399
7227 -3312
7228 -3224
7229 -3135
7230 -3045
7231 -2954
7232 -2862
7233 -2769
7234 -2675
7235 -2580
7236 -2484
7237 -2387
7238 -2289
7239 -2190
7240 -2090
7241 -1989
7242 -1887
7243 -1784
7244 -1680
7245 -1575
7246 -1469
7247 -1362
7248 -1254
7249 -1145
7250 -1035
7251 -924
7252 -812
7253 -699
7254 -585
7255 -470
7256 -354
7257 -237
7258 -119
7259 0
7258 119
7257 237
7256 354
7255 470
7254 585
7253 699
7252 812
7251 924
7250 1035
7249 1145
7248 1254
7247 1362
7246 1469
7245 1575
7244 1680
7243 1784
7242 1887
7241 1989
7240 2090
7239 2190
7238 2289
7237 2387
7236 2484
7235 2580
7234 2675
7233 2769
7232 2862
7231 2954
7230 3045
7229 3135
7228 3224
7227 3312
7226 3399
7225 3485
7224 3570
7223 3654
7222 3737
7221 3819
7220 3900
7219 3980
7218 4059
7217 4137
7216 4214
7215 4290
7214 4365
7213 4439
7212 4512
7211 4584
7210 4655
7209 4725
7208 4794
7207 4862
7206 4929
7205 4995
7204 5060
7203 5124
7202 5187
7201 5249
7200 5310
7199 5370
7198 5429
7197 5487
7196 5544
7195 5600
7194 5655
7193 5709
7192 5762
7191 5814
7190 5865
7189 5915
7188 5964
7187 6012
7186 6059
7185 6105
7184 6150
7183 6194
7182 6237
7181 6279
7180 6320
7179 6360
7178 6399
7177 6437
7176 6474
7175 6510
7174 6545
7173 6579
7172 6612
7171 6644
7170 6675
7169 6705
7168 6734
7167 6762
7166 6789
7165 6815
7164 6840
7163 6864
7162 6887
7161 6909
7160 6930
7159 6950
7158 6969
7157 6987
7156 7004
7155 7020
7154 7035
7153 7049
7152 7062
7151 7074
7150 7085
7149 7095
7148 7104
7147 7112
7146 7119
7145 7125
7144 7130
7143 7134
7142 7137
7141 7139
7139 7141
7137 7142
7134 7143
7130 7144
7125 7145
7119 7146
7112 7147
7104 7148
7095 7149
7085 7150
7074 7151
7062 7152
7049 7153
7035 7154
7020 7155
7004 7156
6987 7157
6969 7158
6950 7159
6930 7160
6909 7161
6887 7162
6864 7163
6840 7164
6815 7165
6789 7166
6762 7167
6734 7168
6705 7169
6675 7170
6644 7171
6612 7172
6579 7173
6545 7174
6510 7175
6474 7176
6437 7177
6399 7178
6360 7179
6320 7180
6279 7181
6237 7182
6194 7183
6150 7184
6105 7185
6059 7186
6012 7187
5964 7188
5915 7189
5865 7190
5814 7191
5762 7192
5709 7193
5655 7194
5600 7195
5544 7196
5487 7197
5429 7198
5370 7199
5310 7200
5249 7201
5187 7202
5124 7203
5060 7204
4995 7205
4929 7206
4862 7207
4794 7208
4725 7209
4655 7210
4584 7211
4512 7212
4439 7213
4365 7214
4290 7215
4214 7216
4137 7217
4059 7218
3980 7219
3900 7220
3819 7221
3737 7222
3654 7223
3570 7224
3485 7225
3399 7226
3312 7227
3224 7228
3135 7229
3045 7230
2954 7231
2862 7232
2769 7233
2675 7234
2580 7235
2484 7236
2387 7237
2289 7238
2190 7239
2090 7240
1989 7241
1887 7242
1784 7243
1680 7244
1575 7245
1469 7246
1362 7247
1254 7248
1145 7249
1035 7250
924 7251
812 7252
699 7253
585 7254
470 7255
354 7256
237 7257
119 7258
0 7259
-119 7258
-237 7257
-354 7256
-470 7255
-585 7254
-699 7253
-812 7252
-924 7251
-1035 7250
-1145 7249
-1254 7248
-1362 7247
-1469 7246
-1575 7245
-1680 7244
-1784 7243
-1887 7242
-1989 7241
-2090 7240
-2190 7239
-2289 7238
-2387 7237
-2484 7236
-2580 7235
-2675 7234
-2769 7233
-2862 7232
-2954 7231
-3045 7230
-3135 7229
-3224 7228
-3312 7227
-3399 7226
-3485 7225
-3570 7224
-3654 7223
-3737 7222
-3819 7221
-3900 7220
-3980 7219
-4059 7218
-4137 7217
-4214 7216
-4290 7215
-4365 7214
-4439 7213
-4512 7212
-4584 7211
-4655 7210
-4725 7209
-4794 7208
-4862 7207
-4929 7206
-4995 7205
-5060 7204
-5124 7203
-5187 7202
-5249 7201
-5310 7200
-5370 7199
-5429 7198
-5487 7197
-5544 7196
-5600 7195
-5655 7194
-5709 7193
-5762 7192
-5814 7191
-5865 7190
-5915 7189
-5964 7188
-6012 7187
-6059 7186
-6105 7185
-6150 7184
-6194 7183
-6237 7182
-6279 7181
-6320 7180
-6360 7179
-6399 7178
-6437 7177
-6474 7176
-6510 7175
-6545 7174
-6579 7173
-6612 7172
-6644 7171
-6675 7170
-6705 7169
-6734 7168
-6762 7167
-6789 7166
-6815 7165
-6840 7164
-6864 7163
-6887 7162
-6909 7161
-6930 7160
-6950 7159
-6969 7158
-6987 7157
-7004 7156
-7020 7155
-7035 7154
-7049 7153
-7062 7152
-7074 7151
-7085 7150
-7095 7149
-7104 7148
-7112 7147
-7119 7146
-7125 7145
-7130 7144
-7134 7143
-7137 7142
-7139 7141
-7141 7139
-7142 7137
-7143 7134
-7144 7130
-7145 7125
-7146 7119
-7147 7112
-7148 7104
-7149 7095
-7150 7085
-7151 7074
-7152 7062
-7153 7049
-7154 7035
-7155 7020
-7156 7004
-7157 6987
-7158 6969
-7159 6950
-7160 6930
-7161 6909
-7162 6887
-7163 6864
-7164 6840
-7165 6815
-7166 6789
-7167 6762
-7168 6734
-7169 6705
-7170 6675
-7171 6644
-7172 6612
-7173 6579
-7174 6545
-7175 6510
-7176 6474
-7177 6437
-7178 6399
-7179 6360
-7180 6320
-7181 6279
-7182 6237
-7183 6194
-7184 6150
-7185 6105
-7186 6059
-7187 6012
-7188 5964
-7189 5915
-7190 5865
-7191 5814
-7192 5762
-7193 5709
-7194 5655
-7195 5600
-7196 5544
-7197 5487
-7198 5429
-7199 5370
-7200 5310
-7201 5249
-7202 5187
-7203 5124
-7204 5060
-7205 4995
-7206 4929
-7207 4862
-7208 4794
-7209 4725
-7210 4655
-7211 4584
-7212 4512
-7213 4439
-7214 4365
-7215 4290
-7216 4214
-7217 4137
-7218 4059
-7219 3980
-7220 3900
-7221 3819
-7222 3737
-7223 3654
-7224 3570
-7225 3485
-7226 3399
-7227 3312
-7228 3224
-7229 3135
-7230 3045
-7231 2954
-7232 2862
-7233 2769
-7234 2675
-7235 2580
-7236 2484
-7237 2387
-7238 2289
-7239 2190
-7240 2090
-7241 1989
-7242 1887
-7243 1784
-7244 1680
-7245 1575
-7246 1469
-7247 1362
-7248 1254
-7249 1145
-7250 1035
-7251 924
-7252 812
-7253 699
-7254 585
-7255 470
-7256 354
-7257 237
-7258 119
-7259 0
-7258 -119
-7257 -237
-7256 -354
-7255 -470
-7254 -585
-7253 -699
-7252 -812
-7251 -924
-7250 -1035
-7249 -1145
-7248 -1254
-7247 -1362
-7246 -1469
-7245 -1575
-7244 -1680
-7243 -1784
-7242 -1887
-7241 -1989
-7240 -2090
-7239 -2190
-7238 -2289
-7237 -2387
-7236 -2484
-7235 -2580
-7234 -2675
-7233 -2769
-7232 -2862
-7231 -2954
-7230 -3045
-7229 -3135
-7228 -3224
-7227 -3312
-7226 -3399
-7225 -3485
-7224 -3570
-7223 -3654
-7222 -3737
-7221 -3819
-7220 -3900
-7219 -3980
-7218 -4059
-7217 -4137
-7216 -4214
-7215 -4290
-7214 -4365
-7213 -4439
-7212 -4512
-7211 -4584
-7210 -4655
-7209 -4725
-7208 -4794
-7207 -4862
-7206 -4929
-7205 -4995
-7204 -5060
-7203 -5124
-7202 -5187
-7201 -5249
-7200 -5310
-7199 -5370
-7198 -5429
-7197 -5487
-7196 -5544
-7195 -5600
-7194 -5655
-7193 -5709
-7192 -5762
-7191 -5814
-7190 -5865
-7189 -5915
-7188 -5964
-7187 -6012
-7186 -6059
-7185 -6105
-7184 -6150
-7183 -6194
-7182 -6237
-7181 -6279
-7180 -6320
-7179 -6360
-7178 -6399
-7177 -6437
-7176 -6474
-7175 -6510
-7174 -6545
-7173 -6579
-7172 -6612
-7171 -6644
-7170 -6675
-7169 -6705
-7168 -6734
-7167 -6762
-7166 -6789
-7165 -6815
-7164 -6840
-7163 -6864
-7162 -6887
-7161 -6909
-7160 -6930
-7159 -6950
-7158 -6969
-7157 -6987
-7156 -7004
-7155 -7020
-7154 -7035
-7153 -7049
-7152 -7062
-7151 -7074
-7150 -7085
-7149 -7095
-7148 -7104
-7147 -7112
-7146 -7119
-7145 -7125
-7144 -7130
-7143 -7134
-7142 -7137
-7141 -7139
-7139 -7141
-7137 -7142
-7134 -7143
-7130 -7144
-7125 -7145
-7119 -7146
-7112 -7147
-7104 -7148
-7095 -7149
-7085 -7150
-7074 -7151
-7062 -7152
-7049 -7153
-7035 -7154
-7020 -7155
-7004 -7156
-6987 -7157
-6969 -7158
-6950 -7159
-6930 -7160
-6909 -7161
-6887 -7162
-6864 -7163
-6840 -7164
-6815 -7165
-6789 -7166
-6762 -7167
-6734 -7168
-6705 -7169
-6675 -7170
-6644 -7171
-6612 -7172
-6579 -7173
-6545 -7174
-6510 -7175
-6474 -7176
-6437 -7177
-6399 -7178
-6360 -7179
-6320 -7180
-6279 -7181
-6237 -7182
-6194 -7183
-6150 -7184
-6105 -7185
-6059 -7186
-6012 -7187
-5964 -7188
-5915 -7189
-5865 -7190
-5814 -7191
-5762 -7192
-5709 -7193
-5655 -7194
-5600 -7195
-5544 -7196
-5487 -7197
-5429 -7198
-5370 -7199
-5310 -7200
-5249 -7201
-5187 -7202
-5124 -7203
-5060 -7204
-4995 -7205
-4929 -7206
-4862 -7207
-4794 -7208
-4725 -7209
-4655 -7210
-4584 -7211
-4512 -7212
-4439 -7213
-4365 -7214
-4290 -7215
-4214 -7216
-4137 -7217
-4059 -7218
-3980 -7219
-3900 -7220
-3819 -7221
-3737 -7222
-3654 -7223
-3570 -7224
-3485 -7225
-3399 -7226
-3312 -7227
-3224 -7228
-3135 -7229
-3045 -7230
-2954 -7231
-2862 -7232
-2769 -7233
-2675 -7234
-2580 -7235
-2484 -7236
-2387 -7237
-2289 -7238
-2190 -7239
-2090 -7240
-1989 -7241
-1887 -7242
-1784 -7243
-1680 -7244
-1575 -7245
-1469 -7246
-1362 -7247
-1254 -7248
-1145 -7249
-1035 -7250
-924 -7251
-812 -7252
-699 -7253
-585 -7254
-470 -7255
-354 -7256
-237 -7257
-119 -7258
0 -7259
119 -7258
237 -7257
354 -7256
470 -7255
585 -7254
699 -7253
812 -7252
924 -7251
1035 -7250
1145 -7249
1254 -7248
1362 -7247
1469 -7246
1575 -7245
1680 -7244
1784 -7243
1887 -7242
1989 -7241
2090 -7240
2190 -7239
2289 -7238
2387 -7237
2484 -7236
2580 -7235
2675 -7234
2769 -7233
2862 -7232
2954 -7231
3045 -7230
3135 -7229
3224 -7228
3312 -7227
3399 -7226
3485 -7225
3570 -7224
3654 -7223
3737 -7222
3819 -7221
3900 -7220
3980 -7219
4059 -7218
4137 -7217
4214 -7216
4290 -7215
4365 -7214
4439 -7213
4512 -7212
4584 -7211
4655 -7210
4725 -7209
4794 -7208
4862 -7207
4929 -7206
4995 -7205
5060 -7204
5124 -7203
5187 -7202
5249 -7201
5310 -7200
5370 -7199
5429 -7198
5487 -7197
5544 -7196
5600 -7195
5655 -7194
5709 -7193
5762 -7192
5814 -7191
5865 -7190
5915 -7189
5964 -7188
6012 -7187
6059 -7186
6105 -7185
6150 -7184
6194 -7183
6237 -7182
6279 -7181
6320 -7180
6360 -7179
6399 -7178
6437 -7177
6474 -7176
6510 -7175
6545 -7174
6579 -7173
6612 -7172
6644 -7171
6675 -7170
6705 -7169
6734 -7168
6762 -7167
6789 -7166
6815 -7165
6840 -7164
6864 -7163
6887 -7162
6909 -7161
6930 -7160
6950 -7159
6969 -7158
6987 -7157
7004 -7156
7020 -7155
7035 -7154
7049 -7153
7062 -7152
7074 -7151
7085 -7150
7095 -7149
7104 -7148
7112 -7147
7119 -7146
7125 -7145
7130 -7144
7134 -7143
7137 -7142
7139 -7141
7141 -7139
7142 -7137
7143 -7134
7144 -7130
7145 -7125
7146 -7119
7147 -7112
7148 -7104
7149 -7095
7150 -7085
7151 -7074
7152 -7062
7153 -7049
7154 -7035
7155 -7020
7156 -7004
7157 -6987
7158 -6969
7159 -6950
7160 -6930
7161 -6909
7162 -6887
23 5 15 20
-25 9997
-7136 9990
-9023 9960
-9427 9929
-9833 9878
-9984 9126
-9996 2491
-9996 -3490
-9979 -9400
-9873 -9773
-8607 -9964
-7327 -9997
2692 -9999
6205 -9966
8575 -9905
9401 -9846
9613 -9734
9940 -9039
9989 -8170
9993 -7007
9995 7184
9916 9982
8608 9998
23 6 7 22
129 -9998
5685 -9966
8528 -9933
9822 -9786
9948 -9624
9962 -9343
9970 -8634
9985 -7092
9995 -142
9998 9785
9496 9983
8790 9998
-7580 9988
-8934 9976
-9794 9893
-9847 9762
-9923 9136
-9996 7816
-9998 7494
-9986 -9630
-9926 -9697
-8878 -9958
-6305 -9984
16 5 7 9
9037 9925
5725 9990
4311 9992
-9152 9977
-9709 9951
-9922 8743
-9999 -2978
-9974 -8378
-9775 -8910
-9359 -9987
6076 -9977
7440 -9972
9955 -9913
9998 866
9950 6849
9889 9868
25 8 16 23
-1313 -10000
8829 -9994
9953 -9959
9986 -4660
9999 1782
9996 7616
9879 9528
9608 9955
7478 9975
3601 9991
1164 9995
-5333 9993
-6292 9992
-9002 9987
-9443 9825
-9970 9221
-10000 7559
-9997 -6318
-9995 -6670
-9962 -8650
-9949 -9317
-9886 -9735
-9568 -9882
-9076 -9955
-8695 -9975
22 9 16 21
9903 -9571
9959 -9436
9979 -7252
9990 -5299
9999 1857
9961 9932
7432 9999
2970 10000
-9375 9998
-9929 9884
-9993 8221
-9997 5500
-9999 -5360
-9997 -9815
-9578 -9936
-6823 -9999
1859 -9999
6056 -9974
6858 -9959
8504 -9919
9728 -9884
9838 -9703
10 4 8 9
-8304 -8981
-5538 -9425
4913 -9808
8713 -6033
9145 -3947
8335 9485
1755 9989
-8416 9906
-9847 8973
-9727 -5883
8 4 7 8
8006 -7150
9707 -5837
9571 4556
1529 9618
-8668 9090
-9994 -489
-9529 -2902
-2958 -9132
7 1 3 7
9585 -4383
9436 9545
-3831 9758
-6863 9806
-8641 -8599
2508 -9894
8059 -9365
4 1 2 4
7497 -6563
-9283 9025
-9811 580
4016 -9124
5 1 2 4
2964 9912
-4493 -9641
-2360 -9640
4097 -9513
9683 -7692
0 0 0 0
