4 1 2 3
10 10
-10 10
-10 -10
10 -10
3 1 2 3
-10 -10
10 -10
0 10
948 90 156 281
7256 -354
7257 -237
7258 -119
7259 0
7258 119
7257 237
7256 354
7255 470
7254 585
7253 699
7252 812
7251 924
7250 1035
7249 1145
7248 1254
7247 1362
7246 1469
7245 1575
7244 1680
7243 1784
7242 1887
7241 1989
7240 2090
7239 2190
7238 2289
7237 2387
7236 2484
7235 2580
7234 2675
7233 2769
7232 2862
7231 2954
7230 3045
7229 3135
7228 3224
7227 3312
7226 3399
7225 3485
7224 3570
7223 3654
7222 3737
7221 3819
7220 3900
7219 3980
7218 4059
7217 4137
7216 4214
7215 4290
7214 4365
7213 4439
7212 4512
7211 4584
7210 4655
7209 4725
7208 4794
7207 4862
7206 4929
7205 4995
7204 5060
7203 5124
7202 5187
7201 5249
7200 5310
7199 5370
7198 5429
7197 5487
7196 5544
7195 5600
7194 5655
7193 5709
7192 5762
7191 5814
7190 5865
7189 5915
7188 5964
7187 6012
7186 6059
7185 6105
7184 6150
7183 6194
7182 6237
7181 6279
7180 6320
7179 6360
7178 6399
7177 6437
7176 6474
7175 6510
7174 6545
7173 6579
7172 6612
7171 6644
7170 6675
7169 6705
7168 6734
7167 6762
7166 6789
7165 6815
7164 6840
7163 6864
7162 6887
7161 6909
7160 6930
7159 6950
7158 6969
7157 6987
7156 7004
7155 7020
7154 7035
7153 7049
7152 7062
7151 7074
7150 7085
7149 7095
7148 7104
7147 7112
7146 7119
7145 7125
7144 7130
7143 7134
7142 7137
7141 7139
7139 7141
7137 7142
7134 7143
7130 7144
7125 7145
7119 7146
7112 7147
7104 7148
7095 7149
7085 7150
7074 7151
7062 7152
7049 7153
7035 7154
7020 7155
7004 7156
6987 7157
6969 7158
6950 7159
6930 7160
6909 7161
6887 7162
6864 7163
6840 7164
6815 7165
6789 7166
6762 7167
6734 7168
6705 7169
6675 7170
6644 7171
6612 7172
6579 7173
6545 7174
6510 7175
6474 7176
6437 7177
6399 7178
6360 7179
6320 7180
6279 7181
6237 7182
6194 7183
6150 7184
6105 7185
6059 7186
6012 7187
5964 7188
5915 7189
5865 7190
5814 7191
5762 7192
5709 7193
5655 7194
5600 7195
5544 7196
5487 7197
5429 7198
5370 7199
5310 7200
5249 7201
5187 7202
5124 7203
5060 7204
4995 7205
4929 7206
4862 7207
4794 7208
4725 7209
4655 7210
4584 7211
4512 7212
4439 7213
4365 7214
4290 7215
4214 7216
4137 7217
4059 7218
3980 7219
3900 7220
3819 7221
3737 7222
3654 7223
3570 7224
3485 7225
3399 7226
3312 7227
3224 7228
3135 7229
3045 7230
2954 7231
2862 7232
2769 7233
2675 7234
2580 7235
2484 7236
2387 7237
2289 7238
2190 7239
2090 7240
1989 7241
1887 7242
1784 7243
1680 7244
1575 7245
1469 7246
1362 7247
1254 7248
1145 7249
1035 7250
924 7251
812 7252
699 7253
585 7254
470 7255
354 7256
237 7257
119 7258
0 7259
-119 7258
-237 7257
-354 7256
-470 7255
-585 7254
-699 7253
-812 7252
-924 7251
-1035 7250
-1145 7249
-1254 7248
-1362 7247
-1469 7246
-1575 7245
-1680 7244
-1784 7243
-1887 7242
-1989 7241
-2090 7240
-2190 7239
-2289 7238
-2387 7237
-2484 7236
-2580 7235
-2675 7234
-2769 7233
-2862 7232
-2954 7231
-3045 7230
-3135 7229
-3224 7228
-3312 7227
-3399 7226
-3485 7225
-3570 7224
-3654 7223
-3737 7222
-3819 7221
-3900 7220
-3980 7219
-4059 7218
-4137 7217
-4214 7216
-4290 7215
-4365 7214
-4439 7213
-4512 7212
-4584 7211
-4655 7210
-4725 7209
-4794 7208
-4862 7207
-4929 7206
-4995 7205
-5060 7204
-5124 7203
-5187 7202
-5249 7201
-5310 7200
-5370 7199
-5429 7198
-5487 7197
-5544 7196
-5600 7195
-5655 7194
-5709 7193
-5762 7192
-5814 7191
-5865 7190
-5915 7189
-5964 7188
-6012 7187
-6059 7186
-6105 7185
-6150 7184
-6194 7183
-6237 7182
-6279 7181
-6320 7180
-6360 7179
-6399 7178
-6437 7177
-6474 7176
-6510 7175
-6545 7174
-6579 7173
-6612 7172
-6644 7171
-6675 7170
-6705 7169
-6734 7168
-6762 7167
-6789 7166
-6815 7165
-6840 7164
-6864 7163
-6887 7162
-6909 7161
-6930 7160
-6950 7159
-6969 7158
-6987 7157
-7004 7156
-7020 7155
-7035 7154
-7049 7153
-7062 7152
-7074 7151
-7085 7150
-7095 7149
-7104 7148
-7112 7147
-7119 7146
-7125 7145
-7130 7144
-7134 7143
-7137 7142
-7139 7141
-7141 7139
-7142 7137
-7143 7134
-7144 7130
-7145 7125
-7146 7119
-7147 7112
-7148 7104
-7149 7095
-7150 7085
-7151 7074
-7152 7062
-7153 7049
-7154 7035
-7155 7020
-7156 7004
-7157 6987
-7158 6969
-7159 6950
-7160 6930
-7161 6909
-7162 6887
-7163 6864
-7164 6840
-7165 6815
-7166 6789
-7167 6762
-7168 6734
-7169 6705
-7170 6675
-7171 6644
-7172 6612
-7173 6579
-7174 6545
-7175 6510
-7176 6474
-7177 6437
-7178 6399
-7179 6360
-7180 6320
-7181 6279
-7182 6237
-7183 6194
-7184 6150
-7185 6105
-7186 6059
-7187 6012
-7188 5964
-7189 5915
-7190 5865
-7191 5814
-7192 5762
-7193 5709
-7194 5655
-7195 5600
-7196 5544
-7197 5487
-7198 5429
-7199 5370
-7200 5310
-7201 5249
-7202 5187
-7203 5124
-7204 5060
-7205 4995
-7206 4929
-7207 4862
-7208 4794
-7209 4725
-7210 4655
-7211 4584
-7212 4512
-7213 4439
-7214 4365
-7215 4290
-7216 4214
-7217 4137
-7218 4059
-7219 3980
-7220 3900
-7221 3819
-7222 3737
-7223 3654
-7224 3570
-7225 3485
-7226 3399
-7227 3312
-7228 3224
-7229 3135
-7230 3045
-7231 2954
-7232 2862
-7233 2769
-7234 2675
-7235 2580
-7236 2484
-7237 2387
-7238 2289
-7239 2190
-7240 2090
-7241 1989
-7242 1887
-7243 1784
-7244 1680
-7245 1575
-7246 1469
-7247 1362
-7248 1254
-7249 1145
-7250 1035
-7251 924
-7252 812
-7253 699
-7254 585
-7255 470
-7256 354
-7257 237
-7258 119
-7259 0
-7258 -119
-7257 -237
-7256 -354
-7255 -470
-7254 -585
-7253 -699
-7252 -812
-7251 -924
-7250 -1035
-7249 -1145
-7248 -1254
-7247 -1362
-7246 -1469
-7245 -1575
-7244 -1680
-7243 -1784
-7242 -1887
-7241 -1989
-7240 -2090
-7239 -2190
-7238 -2289
-7237 -2387
-7236 -2484
-7235 -2580
-7234 -2675
-7233 -2769
-7232 -2862
-7231 -2954
-7230 -3045
-7229 -3135
-7228 -3224
-7227 -3312
-7226 -3399
-7225 -3485
-7224 -3570
-7223 -3654
-7222 -3737
-7221 -3819
-7220 -3900
-7219 -3980
-7218 -4059
-7217 -4137
-7216 -4214
-7215 -4290
-7214 -4365
-7213 -4439
-7212 -4512
-7211 -4584
-7210 -4655
-7209 -4725
-7208 -4794
-7207 -4862
-7206 -4929
-7205 -4995
-7204 -5060
-7203 -5124
-7202 -5187
-7201 -5249
-7200 -5310
-7199 -5370
-7198 -5429
-7197 -5487
-7196 -5544
-7195 -5600
-7194 -5655
-7193 -5709
-7192 -5762
-7191 -5814
-7190 -5865
-7189 -5915
-7188 -5964
-7187 -6012
-7186 -6059
-7185 -6105
-7184 -6150
-7183 -6194
-7182 -6237
-7181 -6279
-7180 -6320
-7179 -6360
-7178 -6399
-7177 -6437
-7176 -6474
-7175 -6510
-7174 -6545
-7173 -6579
-7172 -6612
-7171 -6644
-7170 -6675
-7169 -6705
-7168 -6734
-7167 -6762
-7166 -6789
-7165 -6815
-7164 -6840
-7163 -6864
-7162 -6887
-7161 -6909
-7160 -6930
-7159 -6950
-7158 -6969
-7157 -6987
-7156 -7004
-7155 -7020
-7154 -7035
-7153 -7049
-7152 -7062
-7151 -7074
-7150 -7085
-7149 -7095
-7148 -7104
-7147 -7112
-7146 -7119
-7145 -7125
-7144 -7130
-7143 -7134
-7142 -7137
-7141 -7139
-7139 -7141
-7137 -7142
-7134 -7143
-7130 -7144
-7125 -7145
-7119 -7146
-7112 -7147
-7104 -7148
-7095 -7149
-7085 -7150
-7074 -7151
-7062 -7152
-7049 -7153
-7035 -7154
-7020 -7155
-7004 -7156
-6987 -7157
-6969 -7158
-6950 -7159
-6930 -7160
-6909 -7161
-6887 -7162
-6864 -7163
-6840 -7164
-6815 -7165
-6789 -7166
-6762 -7167
-6734 -7168
-6705 -7169
-6675 -7170
-6644 -7171
-6612 -7172
-6579 -7173
-6545 -7174
-6510 -7175
-6474 -7176
-6437 -7177
-6399 -7178
-6360 -7179
-6320 -7180
-6279 -7181
-6237 -7182
-6194 -7183
-6150 -7184
-6105 -7185
-6059 -7186
-6012 -7187
-5964 -7188
-5915 -7189
-5865 -7190
-5814 -7191
-5762 -7192
-5709 -7193
-5655 -7194
-5600 -7195
-5544 -7196
-5487 -7197
-5429 -7198
-5370 -7199
-5310 -7200
-5249 -7201
-5187 -7202
-5124 -7203
-5060 -7204
-4995 -7205
-4929 -7206
-4862 -7207
-4794 -7208
-4725 -7209
-4655 -7210
-4584 -7211
-4512 -7212
-4439 -7213
-4365 -7214
-4290 -7215
-4214 -7216
-4137 -7217
-4059 -7218
-3980 -7219
-3900 -7220
-3819 -7221
-3737 -7222
-3654 -7223
-3570 -7224
-3485 -7225
-3399 -7226
-3312 -7227
-3224 -7228
-3135 -7229
-3045 -7230
-2954 -7231
-2862 -7232
-2769 -7233
-2675 -7234
-2580 -7235
-2484 -7236
-2387 -7237
-2289 -7238
-2190 -7239
-2090 -7240
-1989 -7241
-1887 -7242
-1784 -7243
-1680 -7244
-1575 -7245
-1469 -7246
-1362 -7247
-1254 -7248
-1145 -7249
-1035 -7250
-924 -7251
-812 -7252
-699 -7253
-585 -7254
-470 -7255
-354 -7256
-237 -7257
-119 -7258
0 -7259
119 -7258
237 -7257
354 -7256
470 -7255
585 -7254
699 -7253
812 -7252
924 -7251
1035 -7250
1145 -7249
1254 -7248
1362 -7247
1469 -7246
1575 -7245
1680 -7244
1784 -7243
1887 -7242
1989 -7241
2090 -7240
2190 -7239
2289 -7238
2387 -7237
2484 -7236
2580 -7235
2675 -7234
2769 -7233
2862 -7232
2954 -7231
3045 -7230
3135 -7229
3224 -7228
3312 -7227
3399 -7226
3485 -7225
3570 -7224
3654 -7223
3737 -7222
3819 -7221
3900 -7220
3980 -7219
4059 -7218
4137 -7217
4214 -7216
4290 -7215
4365 -7214
4439 -7213
4512 -7212
4584 -7211
4655 -7210
4725 -7209
4794 -7208
4862 -7207
4929 -7206
4995 -7205
5060 -7204
5124 -7203
5187 -7202
5249 -7201
5310 -7200
5370 -7199
5429 -7198
5487 -7197
5544 -7196
5600 -7195
5655 -7194
5709 -7193
5762 -7192
5814 -7191
5865 -7190
5915 -7189
5964 -7188
6012 -7187
6059 -7186
6105 -7185
6150 -7184
6194 -7183
6237 -7182
6279 -7181
6320 -7180
6360 -7179
6399 -7178
6437 -7177
6474 -7176
6510 -7175
6545 -7174
6579 -7173
6612 -7172
6644 -7171
6675 -7170
6705 -7169
6734 -7168
6762 -7167
6789 -7166
6815 -7165
6840 -7164
6864 -7163
6887 -7162
6909 -7161
6930 -7160
6950 -7159
6969 -7158
6987 -7157
7004 -7156
7020 -7155
7035 -7154
7049 -7153
7062 -7152
7074 -7151
7085 -7150
7095 -7149
7104 -7148
7112 -7147
7119 -7146
7125 -7145
7130 -7144
7134 -7143
7137 -7142
7139 -7141
7141 -7139
7142 -7137
7143 -7134
7144 -7130
7145 -7125
7146 -7119
7147 -7112
7148 -7104
7149 -7095
7150 -7085
7151 -7074
7152 -7062
7153 -7049
7154 -7035
7155 -7020
7156 -7004
7157 -6987
7158 -6969
7159 -6950
7160 -6930
7161 -6909
7162 -6887
7163 -6864
7164 -6840
7165 -6815
7166 -6789
7167 -6762
7168 -6734
7169 -6705
7170 -6675
7171 -6644
7172 -6612
7173 -6579
7174 -6545
7175 -6510
7176 -6474
7177 -6437
7178 -6399
7179 -6360
7180 -6320
7181 -6279
7182 -6237
7183 -6194
7184 -6150
7185 -6105
7186 -6059
7187 -6012
7188 -5964
7189 -5915
7190 -5865
7191 -5814
7192 -5762
7193 -5709
7194 -5655
7195 -5600
7196 -5544
7197 -5487
7198 -5429
7199 -5370
7200 -5310
7201 -5249
7202 -5187
7203 -5124
7204 -5060
7205 -4995
7206 -4929
7207 -4862
7208 -4794
7209 -4725
7210 -4655
7211 -4584
7212 -4512
7213 -4439
7214 -4365
7215 -4290
7216 -4214
7217 -4137
7218 -4059
7219 -3980
7220 -3900
7221 -3819
7222 -3737
7223 -3654
7224 -3570
7225 -3485
7226 -3399
7227 -3312
7228 -3224
7229 -3135
7230 -3045
7231 -2954
7232 -2862
7233 -2769
7234 -2675
7235 -2580
7236 -2484
7237 -2387
7238 -2289
7239 -2190
7240 -2090
7241 -1989
7242 -1887
7243 -1784
7244 -1680
7245 -1575
7246 -1469
7247 -1362
7248 -1254
7249 -1145
7250 -1035
7251 -924
7252 -812
7253 -699
7254 -585
7255 -470
948 671 802 831
7240 2090
7239 2190
7238 2289
7237 2387
7236 2484
7235 2580
7234 2675
7233 2769
7232 2862
7231 2954
7230 3045
7229 3135
7228 3224
7227 3312
7226 3399
7225 3485
7224 3570
7223 3654
7222 3737
7221 3819
7220 3900
7219 3980
7218 4059
7217 4137
7216 4214
7215 4290
7214 4365
7213 4439
7212 4512
7211 4584
7210 4655
7209 4725
7208 4794
7207 4862
7206 4929
7205 4995
7204 5060
7203 5124
7202 5187
7201 5249
7200 5310
7199 5370
7198 5429
7197 5487
7196 5544
7195 5600
7194 5655
7193 5709
7192 5762
7191 5814
7190 5865
7189 5915
7188 5964
7187 6012
7186 6059
7185 6105
7184 6150
7183 6194
7182 6237
7181 6279
7180 6320
7179 6360
7178 6399
7177 6437
7176 6474
7175 6510
7174 6545
7173 6579
7172 6612
7171 6644
7170 6675
7169 6705
7168 6734
7167 6762
7166 6789
7165 6815
7164 6840
7163 6864
7162 6887
7161 6909
7160 6930
7159 6950
7158 6969
7157 6987
7156 7004
7155 7020
7154 7035
7153 7049
7152 7062
7151 7074
7150 7085
7149 7095
7148 7104
7147 7112
7146 7119
7145 7125
7144 7130
7143 7134
7142 7137
7141 7139
7139 7141
7137 7142
7134 7143
7130 7144
7125 7145
7119 7146
7112 7147
7104 7148
7095 7149
7085 7150
7074 7151
7062 7152
7049 7153
7035 7154
7020 7155
7004 7156
6987 7157
6969 7158
6950 7159
6930 7160
6909 7161
6887 7162
6864 7163
6840 7164
6815 7165
6789 7166
6762 7167
6734 7168
6705 7169
6675 7170
6644 7171
6612 7172
6579 7173
6545 7174
6510 7175
6474 7176
6437 7177
6399 7178
6360 7179
6320 7180
6279 7181
6237 7182
6194 7183
6150 7184
6105 7185
6059 7186
6012 7187
5964 7188
5915 7189
5865 7190
5814 7191
5762 7192
5709 7193
5655 7194
5600 7195
5544 7196
5487 7197
5429 7198
5370 7199
5310 7200
5249 7201
5187 7202
5124 7203
5060 7204
4995 7205
4929 7206
4862 7207
4794 7208
4725 7209
4655 7210
4584 7211
4512 7212
4439 7213
4365 7214
4290 7215
4214 7216
4137 7217
4059 7218
3980 7219
3900 7220
3819 7221
3737 7222
3654 7223
3570 7224
3485 7225
3399 7226
3312 7227
3224 7228
3135 7229
3045 7230
2954 7231
2862 7232
2769 7233
2675 7234
2580 7235
2484 7236
2387 7237
2289 7238
2190 7239
2090 7240
1989 7241
1887 7242
1784 7243
1680 7244
1575 7245
1469 7246
1362 7247
1254 7248
1145 7249
1035 7250
924 7251
812 7252
699 7253
585 7254
470 7255
354 7256
237 7257
119 7258
0 7259
-119 7258
-237 7257
-354 7256
-470 7255
-585 7254
-699 7253
-812 7252
-924 7251
-1035 7250
-1145 7249
-1254 7248
-1362 7247
-1469 7246
-1575 7245
-1680 7244
-1784 7243
-1887 7242
-1989 7241
-2090 7240
-2190 7239
-2289 7238
-2387 7237
-2484 7236
-2580 7235
-2675 7234
-2769 7233
-2862 7232
-2954 7231
-3045 7230
-3135 7229
-3224 7228
-3312 7227
-3399 7226
-3485 7225
-3570 7224
-3654 7223
-3737 7222
-3819 7221
-3900 7220
-3980 7219
-4059 7218
-4137 7217
-4214 7216
-4290 7215
-4365 7214
-4439 7213
-4512 7212
-4584 7211
-4655 7210
-4725 7209
-4794 7208
-4862 7207
-4929 7206
-4995 7205
-5060 7204
-5124 7203
-5187 7202
-5249 7201
-5310 7200
-5370 7199
-5429 7198
-5487 7197
-5544 7196
-5600 7195
-5655 7194
-5709 7193
-5762 7192
-5814 7191
-5865 7190
-5915 7189
-5964 7188
-6012 7187
-6059 7186
-6105 7185
-6150 7184
-6194 7183
-6237 7182
-6279 7181
-6320 7180
-6360 7179
-6399 7178
-6437 7177
-6474 7176
-6510 7175
-6545 7174
-6579 7173
-6612 7172
-6644 7171
-6675 7170
-6705 7169
-6734 7168
-6762 7167
-6789 7166
-6815 7165
-6840 7164
-6864 7163
-6887 7162
-6909 7161
-6930 7160
-6950 7159
-6969 7158
-6987 7157
-7004 7156
-7020 7155
-7035 7154
-7049 7153
-7062 7152
-7074 7151
-7085 7150
-7095 7149
-7104 7148
-7112 7147
-7119 7146
-7125 7145
-7130 7144
-7134 7143
-7137 7142
-7139 7141
-7141 7139
-7142 7137
-7143 7134
-7144 7130
-7145 7125
-7146 7119
-7147 7112
-7148 7104
-7149 7095
-7150 7085
-7151 7074
-7152 7062
-7153 7049
-7154 7035
-7155 7020
-7156 7004
-7157 6987
-7158 6969
-7159 6950
-7160 6930
-7161 6909
-7162 6887
-7163 6864
-7164 6840
-7165 6815
-7166 6789
-7167 6762
-7168 6734
-7169 6705
-7170 6675
-7171 6644
-7172 6612
-7173 6579
-7174 6545
-7175 6510
-7176 6474
-7177 6437
-7178 6399
-7179 6360
-7180 6320
-7181 6279
-7182 6237
-7183 6194
-7184 6150
-7185 6105
-7186 6059
-7187 6012
-7188 5964
-7189 5915
-7190 5865
-7191 5814
-7192 5762
-7193 5709
-7194 5655
-7195 5600
-7196 5544
-7197 5487
-7198 5429
-7199 5370
-7200 5310
-7201 5249
-7202 5187
-7203 5124
-7204 5060
-7205 4995
-7206 4929
-7207 4862
-7208 4794
-7209 4725
-7210 4655
-7211 4584
-7212 4512
-7213 4439
-7214 4365
-7215 4290
-7216 4214
-7217 4137
-7218 4059
-7219 3980
-7220 3900
-7221 3819
-7222 3737
-7223 3654
-7224 3570
-7225 3485
-7226 3399
-7227 3312
-7228 3224
-7229 3135
-7230 3045
-7231 2954
-7232 2862
-7233 2769
-7234 2675
-7235 2580
-7236 2484
-7237 2387
-7238 2289
-7239 2190
-7240 2090
-7241 1989
-7242 1887
-7243 1784
-7244 1680
-7245 1575
-7246 1469
-7247 1362
-7248 1254
-7249 1145
-7250 1035
-7251 924
-7252 812
-7253 699
-7254 585
-7255 470
-7256 354
-7257 237
-7258 119
-7259 0
-7258 -119
-7257 -237
-7256 -354
-7255 -470
-7254 -585
-7253 -699
-7252 -812
-7251 -924
-7250 -1035
-7249 -1145
-7248 -1254
-7247 -1362
-7246 -1469
-7245 -1575
-7244 -1680
-7243 -1784
-7242 -1887
-7241 -1989
-7240 -2090
-7239 -2190
-7238 -2289
-7237 -2387
-7236 -2484
-7235 -2580
-7234 -2675
-7233 -2769
-7232 -2862
-7231 -2954
-7230 -3045
-7229 -3135
-7228 -3224
-7227 -3312
-7226 -3399
-7225 -3485
-7224 -3570
-7223 -3654
-7222 -3737
-7221 -3819
-7220 -3900
-7219 -3980
-7218 -4059
-7217 -4137
-7216 -4214
-7215 -4290
-7214 -4365
-7213 -4439
-7212 -4512
-7211 -4584
-7210 -4655
-7209 -4725
-7208 -4794
-7207 -4862
-7206 -4929
-7205 -4995
-7204 -5060
-7203 -5124
-7202 -5187
-7201 -5249
-7200 -5310
-7199 -5370
-7198 -5429
-7197 -5487
-7196 -5544
-7195 -5600
-7194 -5655
-7193 -5709
-7192 -5762
-7191 -5814
-7190 -5865
-7189 -5915
-7188 -5964
-7187 -6012
-7186 -6059
-7185 -6105
-7184 -6150
-7183 -6194
-7182 -6237
-7181 -6279
-7180 -6320
-7179 -6360
-7178 -6399
-7177 -6437
-7176 -6474
-7175 -6510
-7174 -6545
-7173 -6579
-7172 -6612
-7171 -6644
-7170 -6675
-7169 -6705
-7168 -6734
-7167 -6762
-7166 -6789
-7165 -6815
-7164 -6840
-7163 -6864
-7162 -6887
-7161 -6909
-7160 -6930
-7159 -6950
-7158 -6969
-7157 -6987
-7156 -7004
-7155 -7020
-7154 -7035
-7153 -7049
-7152 -7062
-7151 -7074
-7150 -7085
-7149 -7095
-7148 -7104
-7147 -7112
-7146 -7119
-7145 -7125
-7144 -7130
-7143 -7134
-7142 -7137
-7141 -7139
-7139 -7141
-7137 -7142
-7134 -7143
-7130 -7144
-7125 -7145
-7119 -7146
-7112 -7147
-7104 -7148
-7095 -7149
-7085 -7150
-7074 -7151
-7062 -7152
-7049 -7153
-7035 -7154
-7020 -7155
-7004 -7156
-6987 -7157
-6969 -7158
-6950 -7159
-6930 -7160
-6909 -7161
-6887 -7162
-6864 -7163
-6840 -7164
-6815 -7165
-6789 -7166
-6762 -7167
-6734 -7168
-6705 -7169
-6675 -7170
-6644 -7171
-6612 -7172
-6579 -7173
-6545 -7174
-6510 -7175
-6474 -7176
-6437 -7177
-6399 -7178
-6360 -7179
-6320 -7180
-6279 -7181
-6237 -7182
-6194 -7183
-6150 -7184
-6105 -7185
-6059 -7186
-6012 -7187
-5964 -7188
-5915 -7189
-5865 -7190
-5814 -7191
-5762 -7192
-5709 -7193
-5655 -7194
-5600 -7195
-5544 -7196
-5487 -7197
-5429 -7198
-5370 -7199
-5310 -7200
-5249 -7201
-5187 -7202
-5124 -7203
-5060 -7204
-4995 -7205
-4929 -7206
-4862 -7207
-4794 -7208
-4725 -7209
-4655 -7210
-4584 -7211
-4512 -7212
-4439 -7213
-4365 -7214
-4290 -7215
-4214 -7216
-4137 -7217
-4059 -7218
-3980 -7219
-3900 -7220
-3819 -7221
-3737 -7222
-3654 -7223
-3570 -7224
-3485 -7225
-3399 -7226
-3312 -7227
-3224 -7228
-3135 -7229
-3045 -7230
-2954 -7231
-2862 -7232
-2769 -7233
-2675 -7234
-2580 -7235
-2484 -7236
-2387 -7237
-2289 -7238
-2190 -7239
-2090 -7240
-1989 -7241
-1887 -7242
-1784 -7243
-1680 -7244
-1575 -7245
-1469 -7246
-1362 -7247
-1254 -7248
-1145 -7249
-1035 -7250
-924 -7251
-812 -7252
-699 -7253
-585 -7254
-470 -7255
-354 -7256
-237 -7257
-119 -7258
0 -7259
119 -7258
237 -7257
354 -7256
470 -7255
585 -7254
699 -7253
812 -7252
924 -7251
1035 -7250
1145 -7249
1254 -7248
1362 -7247
1469 -7246
1575 -7245
1680 -7244
1784 -7243
1887 -7242
1989 -7241
2090 -7240
2190 -7239
2289 -7238
2387 -7237
2484 -7236
2580 -7235
2675 -7234
2769 -7233
2862 -7232
2954 -7231
3045 -7230
3135 -7229
3224 -7228
3312 -7227
3399 -7226
3485 -7225
3570 -7224
3654 -7223
3737 -7222
3819 -7221
3900 -7220
3980 -7219
4059 -7218
4137 -7217
4214 -7216
4290 -7215
4365 -7214
4439 -7213
4512 -7212
4584 -7211
4655 -7210
4725 -7209
4794 -7208
4862 -7207
4929 -7206
4995 -7205
5060 -7204
5124 -7203
5187 -7202
5249 -7201
5310 -7200
5370 -7199
5429 -7198
5487 -7197
5544 -7196
5600 -7195
5655 -7194
5709 -7193
5762 -7192
5814 -7191
5865 -7190
5915 -7189
5964 -7188
6012 -7187
6059 -7186
6105 -7185
6150 -7184
6194 -7183
6237 -7182
6279 -7181
6320 -7180
6360 -7179
6399 -7178
6437 -7177
6474 -7176
6510 -7175
6545 -7174
6579 -7173
6612 -7172
6644 -7171
6675 -7170
6705 -7169
6734 -7168
6762 -7167
6789 -7166
6815 -7165
6840 -7164
6864 -7163
6887 -7162
6909 -7161
6930 -7160
6950 -7159
6969 -7158
6987 -7157
7004 -7156
7020 -7155
7035 -7154
7049 -7153
7062 -7152
7074 -7151
7085 -7150
7095 -7149
7104 -7148
7112 -7147
7119 -7146
7125 -7145
7130 -7144
7134 -7143
7137 -7142
7139 -7141
7141 -7139
7142 -7137
7143 -7134
7144 -7130
7145 -7125
7146 -7119
7147 -7112
7148 -7104
7149 -7095
7150 -7085
7151 -7074
7152 -7062
7153 -7049
7154 -7035
7155 -7020
7156 -7004
7157 -6987
7158 -6969
7159 -6950
7160 -6930
7161 -6909
7162 -6887
7163 -6864
7164 -6840
7165 -6815
7166 -6789
7167 -6762
7168 -6734
7169 -6705
7170 -6675
7171 -6644
7172 -6612
7173 -6579
7174 -6545
7175 -6510
7176 -6474
7177 -6437
7178 -6399
7179 -6360
7180 -6320
7181 -6279
7182 -6237
7183 -6194
7184 -6150
7185 -6105
7186 -6059
7187 -6012
7188 -5964
7189 -5915
7190 -5865
7191 -5814
7192 -5762
7193 -5709
7194 -5655
7195 -5600
7196 -5544
7197 -5487
7198 -5429
7199 -5370
7200 -5310
7201 -5249
7202 -5187
7203 -5124
7204 -5060
7205 -4995
7206 -4929
7207 -4862
7208 -4794
7209 -4725
7210 -4655
7211 -4584
7212 -4512
7213 -4439
7214 -4365
7215 -4290
7216 -4214
7217 -4137
7218 -4059
7219 -3980
7220 -3900
7221 -3819
7222 -3737
7223 -3654
7224 -3570
7225 -3485
7226 -3399
7227 -3312
7228 -3224
7229 -3135
7230 -3045
7231 -2954
7232 -2862
7233 -2769
7234 -2675
7235 -2580
7236 -2484
7237 -2387
7238 -2289
7239 -2190
7240 -2090
7241 -1989
7242 -1887
7243 -1784
7244 -1680
7245 -1575
7246 -1469
7247 -1362
7248 -1254
7249 -1145
7250 -1035
7251 -924
7252 -812
7253 -699
7254 -585
7255 -470
7256 -354
7257 -237
7258 -119
7259 0
7258 119
7257 237
7256 354
7255 470
7254 585
7253 699
7252 812
7251 924
7250 1035
7249 1145
7248 1254
7247 1362
7246 1469
7245 1575
7244 1680
7243 1784
7242 1887
7241 1989
948 156 784 835
4725 7209
4655 7210
4584 7211
4512 7212
4439 7213
4365 7214
4290 7215
4214 7216
4137 7217
4059 7218
3980 7219
3900 7220
3819 7221
3737 7222
3654 7223
3570 7224
3485 7225
3399 7226
3312 7227
3224 7228
3135 7229
3045 7230
2954 7231
2862 7232
2769 7233
2675 7234
2580 7235
2484 7236
2387 7237
2289 7238
2190 7239
2090 7240
1989 7241
1887 7242
1784 7243
1680 7244
1575 7245
1469 7246
1362 7247
1254 7248
1145 7249
1035 7250
924 7251
812 7252
699 7253
585 7254
470 7255
354 7256
237 7257
119 7258
0 7259
-119 7258
-237 7257
-354 7256
-470 7255
-585 7254
-699 7253
-812 7252
-924 7251
-1035 7250
-1145 7249
-1254 7248
-1362 7247
-1469 7246
-1575 7245
-1680 7244
-1784 7243
-1887 7242
-1989 7241
-2090 7240
-2190 7239
-2289 7238
-2387 7237
-2484 7236
-2580 7235
-2675 7234
-2769 7233
-2862 7232
-2954 7231
-3045 7230
-3135 7229
-3224 7228
-3312 7227
-3399 7226
-3485 7225
-3570 7224
-3654 7223
-3737 7222
-3819 7221
-3900 7220
-3980 7219
-4059 7218
-4137 7217
-4214 7216
-4290 7215
-4365 7214
-4439 7213
-4512 7212
-4584 7211
-4655 7210
-4725 7209
-4794 7208
-4862 7207
-4929 7206
-4995 7205
-5060 7204
-5124 7203
-5187 7202
-5249 7201
-5310 7200
-5370 7199
-5429 7198
-5487 7197
-5544 7196
-5600 7195
-5655 7194
-5709 7193
-5762 7192
-5814 7191
-5865 7190
-5915 7189
-5964 7188
-6012 7187
-6059 7186
-6105 7185
-6150 7184
-6194 7183
-6237 7182
-6279 7181
-6320 7180
-6360 7179
-6399 7178
-6437 7177
-6474 7176
-6510 7175
-6545 7174
-6579 7173
-6612 7172
-6644 7171
-6675 7170
-6705 7169
-6734 7168
-6762 7167
-6789 7166
-6815 7165
-6840 7164
-6864 7163
-6887 7162
-6909 7161
-6930 7160
-6950 7159
-6969 7158
-6987 7157
-7004 7156
-7020 7155
-7035 7154
-7049 7153
-7062 7152
-7074 7151
-7085 7150
-7095 7149
-7104 7148
-7112 7147
-7119 7146
-7125 7145
-7130 7144
-7134 7143
-7137 7142
-7139 7141
-7141 7139
-7142 7137
-7143 7134
-7144 7130
-7145 7125
-7146 7119
-7147 7112
-7148 7104
-7149 7095
-7150 7085
-7151 7074
-7152 7062
-7153 7049
-7154 7035
-7155 7020
-7156 7004
-7157 6987
-7158 6969
-7159 6950
-7160 6930
-7161 6909
-7162 6887
-7163 6864
-7164 6840
-7165 6815
-7166 6789
-7167 6762
-7168 6734
-7169 6705
-7170 6675
-7171 6644
-7172 6612
-7173 6579
-7174 6545
-7175 6510
-7176 6474
-7177 6437
-7178 6399
-7179 6360
-7180 6320
-7181 6279
-7182 6237
-7183 6194
-7184 6150
-7185 6105
-7186 6059
-7187 6012
-7188 5964
-7189 5915
-7190 5865
-7191 5814
-7192 5762
-7193 5709
-7194 5655
-7195 5600
-7196 5544
-7197 5487
-7198 5429
-7199 5370
-7200 5310
-7201 5249
-7202 5187
-7203 5124
-7204 5060
-7205 4995
-7206 4929
-7207 4862
-7208 4794
-7209 4725
-7210 4655
-7211 4584
-7212 4512
-7213 4439
-7214 4365
-7215 4290
-7216 4214
-7217 4137
-7218 4059
-7219 3980
-7220 3900
-7221 3819
-7222 3737
-7223 3654
-7224 3570
-7225 3485
-7226 3399
-7227 3312
-7228 3224
-7229 3135
-7230 3045
-7231 2954
-7232 2862
-7233 2769
-7234 2675
-7235 2580
-7236 2484
-7237 2387
-7238 2289
-7239 2190
-7240 2090
-7241 1989
-7242 1887
-7243 1784
-7244 1680
-7245 1575
-7246 1469
-7247 1362
-7248 1254
-7249 1145
-7250 1035
-7251 924
-7252 812
-7253 699
-7254 585
-7255 470
-7256 354
-7257 237
-7258 119
-7259 0
-7258 -119
-7257 -237
-7256 -354
-7255 -470
-7254 -585
-7253 -699
-7252 -812
-7251 -924
-7250 -1035
-7249 -1145
-7248 -1254
-7247 -1362
-7246 -1469
-7245 -1575
-7244 -1680
-7243 -1784
-7242 -1887
-7241 -1989
-7240 -2090
-7239 -2190
-7238 -2289
-7237 -2387
-7236 -2484
-7235 -2580
-7234 -2675
-7233 -2769
-7232 -2862
-7231 -2954
-7230 -3045
-7229 -3135
-7228 -3224
-7227 -3312
-7226 -3399
-7225 -3485
-7224 -3570
-7223 -3654
-7222 -3737
-7221 -3819
-7220 -3900
-7219 -3980
-7218 -4059
-7217 -4137
-7216 -4214
-7215 -4290
-7214 -4365
-7213 -4439
-7212 -4512
-7211 -4584
-7210 -4655
-7209 -4725
-7208 -4794
-7207 -4862
-7206 -4929
-7205 -4995
-7204 -5060
-7203 -5124
-7202 -5187
-7201 -5249
-7200 -5310
-7199 -5370
-7198 -5429
-7197 -5487
-7196 -5544
-7195 -5600
-7194 -5655
-7193 -5709
-7192 -5762
-7191 -5814
-7190 -5865
-7189 -5915
-7188 -5964
-7187 -6012
-7186 -6059
-7185 -6105
-7184 -6150
-7183 -6194
-7182 -6237
-7181 -6279
-7180 -6320
-7179 -6360
-7178 -6399
-7177 -6437
-7176 -6474
-7175 -6510
-7174 -6545
-7173 -6579
-7172 -6612
-7171 -6644
-7170 -6675
-7169 -6705
-7168 -6734
-7167 -6762
-7166 -6789
-7165 -6815
-7164 -6840
-7163 -6864
-7162 -6887
-7161 -6909
-7160 -6930
-7159 -6950
-7158 -6969
-7157 -6987
-7156 -7004
-7155 -7020
-7154 -7035
-7153 -7049
-7152 -7062
-7151 -7074
-7150 -7085
-7149 -7095
-7148 -7104
-7147 -7112
-7146 -7119
-7145 -7125
-7144 -7130
-7143 -7134
-7142 -7137
-7141 -7139
-7139 -7141
-7137 -7142
-7134 -7143
-7130 -7144
-7125 -7145
-7119 -7146
-7112 -7147
-7104 -7148
-7095 -7149
-7085 -7150
-7074 -7151
-7062 -7152
-7049 -7153
-7035 -7154
-7020 -7155
-7004 -7156
-6987 -7157
-6969 -7158
-6950 -7159
-6930 -7160
-6909 -7161
-6887 -7162
-6864 -7163
-6840 -7164
-6815 -7165
-6789 -7166
-6762 -7167
-6734 -7168
-6705 -7169
-6675 -7170
-6644 -7171
-6612 -7172
-6579 -7173
-6545 -7174
-6510 -7175
-6474 -7176
-6437 -7177
-6399 -7178
-6360 -7179
-6320 -7180
-6279 -7181
-6237 -7182
-6194 -7183
-6150 -7184
-6105 -7185
-6059 -7186
-6012 -7187
-5964 -7188
-5915 -7189
-5865 -7190
-5814 -7191
-5762 -7192
-5709 -7193
-5655 -7194
-5600 -7195
-5544 -7196
-5487 -7197
-5429 -7198
-5370 -7199
-5310 -7200
-5249 -7201
-5187 -7202
-5124 -7203
-5060 -7204
-4995 -7205
-4929 -7206
-4862 -7207
-4794 -7208
-4725 -7209
-4655 -7210
-4584 -7211
-4512 -7212
-4439 -7213
-4365 -7214
-4290 -7215
-4214 -7216
-4137 -7217
-4059 -7218
-3980 -7219
-3900 -7220
-3819 -7221
-3737 -7222
-3654 -7223
-3570 -7224
-3485 -7225
-3399 -7226
-3312 -7227
-3224 -7228
-3135 -7229
-3045 -7230
-2954 -7231
-2862 -7232
-2769 -7233
-2675 -7234
-2580 -7235
-2484 -7236
-2387 -7237
-2289 -7238
-2190 -7239
-2090 -7240
-1989 -7241
-1887 -7242
-1784 -7243
-1680 -7244
-1575 -7245
-1469 -7246
-1362 -7247
-1254 -7248
-1145 -7249
-1035 -7250
-924 -7251
-812 -7252
-699 -7253
-585 -7254
-470 -7255
-354 -7256
-237 -7257
-119 -7258
0 -7259
119 -7258
237 -7257
354 -7256
470 -7255
585 -7254
699 -7253
812 -7252
924 -7251
1035 -7250
1145 -7249
1254 -7248
1362 -7247
1469 -7246
1575 -7245
1680 -7244
1784 -7243
1887 -7242
1989 -7241
2090 -7240
2190 -7239
2289 -7238
2387 -7237
2484 -7236
2580 -7235
2675 -7234
2769 -7233
2862 -7232
2954 -7231
3045 -7230
3135 -7229
3224 -7228
3312 -7227
3399 -7226
3485 -7225
3570 -7224
3654 -7223
3737 -7222
3819 -7221
3900 -7220
3980 -7219
4059 -7218
4137 -7217
4214 -7216
4290 -7215
4365 -7214
4439 -7213
4512 -7212
4584 -7211
4655 -7210
4725 -7209
4794 -7208
4862 -7207
4929 -7206
4995 -7205
5060 -7204
5124 -7203
5187 -7202
5249 -7201
5310 -7200
5370 -7199
5429 -7198
5487 -7197
5544 -7196
5600 -7195
5655 -7194
5709 -7193
5762 -7192
5814 -7191
5865 -7190
5915 -7189
5964 -7188
6012 -7187
6059 -7186
6105 -7185
6150 -7184
6194 -7183
6237 -7182
6279 -7181
6320 -7180
6360 -7179
6399 -7178
6437 -7177
6474 -7176
6510 -7175
6545 -7174
6579 -7173
6612 -7172
6644 -7171
6675 -7170
6705 -7169
6734 -7168
6762 -7167
6789 -7166
6815 -7165
6840 -7164
6864 -7163
6887 -7162
6909 -7161
6930 -7160
6950 -7159
6969 -7158
6987 -7157
7004 -7156
7020 -7155
7035 -7154
7049 -7153
7062 -7152
7074 -7151
7085 -7150
7095 -7149
7104 -7148
7112 -7147
7119 -7146
7125 -7145
7130 -7144
7134 -7143
7137 -7142
7139 -7141
7141 -7139
7142 -7137
7143 -7134
7144 -7130
7145 -7125
7146 -7119
7147 -7112
7148 -7104
7149 -7095
7150 -7085
7151 -7074
7152 -7062
7153 -7049
7154 -7035
7155 -7020
7156 -7004
7157 -6987
7158 -6969
7159 -6950
7160 -6930
7161 -6909
7162 -6887
7163 -6864
7164 -6840
7165 -6815
7166 -6789
7167 -6762
7168 -6734
7169 -6705
7170 -6675
7171 -6644
7172 -6612
7173 -6579
7174 -6545
7175 -6510
7176 -6474
7177 -6437
7178 -6399
7179 -6360
7180 -6320
7181 -6279
7182 -6237
7183 -6194
7184 -6150
7185 -6105
7186 -6059
7187 -6012
7188 -5964
7189 -5915
7190 -5865
7191 -5814
7192 -5762
7193 -5709
7194 -5655
7195 -5600
7196 -5544
7197 -5487
7198 -5429
7199 -5370
7200 -5310
7201 -5249
7202 -5187
7203 -5124
7204 -5060
7205 -4995
7206 -4929
7207 -4862
7208 -4794
7209 -4725
7210 -4655
7211 -4584
7212 -4512
7213 -4439
7214 -4365
7215 -4290
7216 -4214
7217 -4137
7218 -4059
7219 -3980
7220 -3900
7221 -3819
7222 -3737
7223 -3654
7224 -3570
7225 -3485
7226 -3399
7227 -3312
7228 -3224
7229 -3135
7230 -3045
7231 -2954
7232 -2862
7233 -2769
7234 -2675
7235 -2580
7236 -2484
7237 -2387
7238 -2289
7239 -2190
7240 -2090
7241 -1989
7242 -1887
7243 -1784
7244 -1680
7245 -1575
7246 -1469
7247 -1362
7248 -1254
7249 -1145
7250 -1035
7251 -924
7252 -812
7253 -699
7254 -585
7255 -470
7256 -354
7257 -237
7258 -119
7259 0
7258 119
7257 237
7256 354
7255 470
7254 585
7253 699
7252 812
7251 924
7250 1035
7249 1145
7248 1254
7247 1362
7246 1469
7245 1575
7244 1680
7243 1784
7242 1887
7241 1989
7240 2090
7239 2190
7238 2289
7237 2387
7236 2484
7235 2580
7234 2675
7233 2769
7232 2862
7231 2954
7230 3045
7229 3135
7228 3224
7227 3312
7226 3399
7225 3485
7224 3570
7223 3654
7222 3737
7221 3819
7220 3900
7219 3980
7218 4059
7217 4137
7216 4214
7215 4290
7214 4365
7213 4439
7212 4512
7211 4584
7210 4655
7209 4725
7208 4794
7207 4862
7206 4929
7205 4995
7204 5060
7203 5124
7202 5187
7201 5249
7200 5310
7199 5370
7198 5429
7197 5487
7196 5544
7195 5600
7194 5655
7193 5709
7192 5762
7191 5814
7190 5865
7189 5915
7188 5964
7187 6012
7186 6059
7185 6105
7184 6150
7183 6194
7182 6237
7181 6279
7180 6320
7179 6360
7178 6399
7177 6437
7176 6474
7175 6510
7174 6545
7173 6579
7172 6612
7171 6644
7170 6675
7169 6705
7168 6734
7167 6762
7166 6789
7165 6815
7164 6840
7163 6864
7162 6887
7161 6909
7160 6930
7159 6950
7158 6969
7157 6987
7156 7004
7155 7020
7154 7035
7153 7049
7152 7062
7151 7074
7150 7085
7149 7095
7148 7104
7147 7112
7146 7119
7145 7125
7144 7130
7143 7134
7142 7137
7141 7139
7139 7141
7137 7142
7134 7143
7130 7144
7125 7145
7119 7146
7112 7147
7104 7148
7095 7149
7085 7150
7074 7151
7062 7152
7049 7153
7035 7154
7020 7155
7004 7156
6987 7157
6969 7158
6950 7159
6930 7160
6909 7161
6887 7162
6864 7163
6840 7164
6815 7165
6789 7166
6762 7167
6734 7168
6705 7169
6675 7170
6644 7171
6612 7172
6579 7173
6545 7174
6510 7175
6474 7176
6437 7177
6399 7178
6360 7179
6320 7180
6279 7181
6237 7182
6194 7183
6150 7184
6105 7185
6059 7186
6012 7187
5964 7188
5915 7189
5865 7190
5814 7191
5762 7192
5709 7193
5655 7194
5600 7195
5544 7196
5487 7197
5429 7198
5370 7199
5310 7200
5249 7201
5187 7202
5124 7203
5060 7204
4995 7205
4929 7206
4862 7207
4794 7208
474 7 254 371
7239 2190
7238 2289
7237 2387
7236 2484
7235 2580
7234 2675
7233 2769
7232 2862
7231 2954
7230 3045
7229 3135
7228 3224
7227 3312
7226 3399
7225 3485
7224 3570
7223 3654
7222 3737
7221 3819
7220 3900
7219 3980
7218 4059
7217 4137
7216 4214
7215 4290
7214 4365
7213 4439
7212 4512
7211 4584
7210 4655
7209 4725
7208 4794
7207 4862
7206 4929
7205 4995
7204 5060
7203 5124
7202 5187
7201 5249
7200 5310
7199 5370
7198 5429
7197 5487
7196 5544
7195 5600
7194 5655
7193 5709
7192 5762
7191 5814
7190 5865
7189 5915
7188 5964
7187 6012
7186 6059
7185 6105
7184 6150
7183 6194
7182 6237
7181 6279
7180 6320
7179 6360
7178 6399
7177 6437
7176 6474
7175 6510
7174 6545
7173 6579
7172 6612
7171 6644
7170 6675
7169 6705
7168 6734
7167 6762
7166 6789
7165 6815
7164 6840
7163 6864
7162 6887
7161 6909
7160 6930
7159 6950
7158 6969
7157 6987
7156 7004
7155 7020
7154 7035
7153 7049
7152 7062
7151 7074
7150 7085
7149 7095
7148 7104
7147 7112
7146 7119
7145 7125
7144 7130
7143 7134
7142 7137
7141 7139
7139 7141
7137 7142
7134 7143
7130 7144
7125 7145
7119 7146
7112 7147
7104 7148
7095 7149
7085 7150
7074 7151
7062 7152
7049 7153
7035 7154
7020 7155
7004 7156
6987 7157
6969 7158
6950 7159
6930 7160
6909 7161
6887 7162
6864 7163
6840 7164
6815 7165
6789 7166
6762 7167
6734 7168
6705 7169
6675 7170
6644 7171
6612 7172
6579 7173
6545 7174
6510 7175
6474 7176
6437 7177
6399 7178
6360 7179
6320 7180
6279 7181
6237 7182
6194 7183
6150 7184
6105 7185
6059 7186
6012 7187
5964 7188
5915 7189
5865 7190
5814 7191
5762 7192
5709 7193
5655 7194
5600 7195
5544 7196
5487 7197
5429 7198
5370 7199
5310 7200
5249 7201
5187 7202
5124 7203
5060 7204
4995 7205
4929 7206
4862 7207
4794 7208
4725 7209
4655 7210
4584 7211
4512 7212
4439 7213
4365 7214
4290 7215
4214 7216
4137 7217
4059 7218
3980 7219
3900 7220
3819 7221
3737 7222
3654 7223
3570 7224
3485 7225
3399 7226
3312 7227
3224 7228
3135 7229
3045 7230
2954 7231
2862 7232
2769 7233
2675 7234
2580 7235
2484 7236
2387 7237
2289 7238
2190 7239
2090 7240
1989 7241
1887 7242
1784 7243
1680 7244
1575 7245
1469 7246
1362 7247
1254 7248
1145 7249
1035 7250
924 7251
812 7252
699 7253
585 7254
470 7255
354 7256
237 7257
119 7258
0 7259
-119 7258
-237 7257
-354 7256
-470 7255
-585 7254
-699 7253
-812 7252
-924 7251
-1035 7250
-1145 7249
-1254 7248
-1362 7247
-1469 7246
-1575 7245
-1680 7244
-1784 7243
-1887 7242
-1989 7241
-2090 7240
-2190 7239
-2289 7238
-2387 7237
-2484 7236
-2580 7235
-2675 7234
-2769 7233
-2862 7232
-2954 7231
-3045 7230
-3135 7229
-3224 7228
-3312 7227
-3399 7226
-3485 7225
-3570 7224
-3654 7223
-3737 7222
-3819 7221
-3900 7220
-3980 7219
-4059 7218
-4137 7217
-4214 7216
-4290 7215
-4365 7214
-4439 7213
-4512 7212
-4584 7211
-4655 7210
-4725 7209
-4794 7208
-4862 7207
-4929 7206
-4995 7205
-5060 7204
-5124 7203
-5187 7202
-5249 7201
-5310 7200
-5370 7199
-5429 7198
-5487 7197
-5544 7196
-5600 7195
-5655 7194
-5709 7193
-5762 7192
-5814 7191
-5865 7190
-5915 7189
-5964 7188
-6012 7187
-6059 7186
-6105 7185
-6150 7184
-6194 7183
-6237 7182
-6279 7181
-6320 7180
-6360 7179
-6399 7178
-6437 7177
-6474 7176
-6510 7175
-6545 7174
-6579 7173
-6612 7172
-6644 7171
-6675 7170
-6705 7169
-6734 7168
-6762 7167
-6789 7166
-6815 7165
-6840 7164
-6864 7163
-6887 7162
-6909 7161
-6930 7160
-6950 7159
-6969 7158
-6987 7157
-7004 7156
-7020 7155
-7035 7154
-7049 7153
-7062 7152
-7074 7151
-7085 7150
-7095 7149
-7104 7148
-7112 7147
-7119 7146
-7125 7145
-7130 7144
-7134 7143
-7137 7142
-7139 7141
-7141 7139
-7142 7137
-7143 7134
-7144 7130
-7145 7125
-7146 7119
-7147 7112
-7148 7104
-7149 7095
-7150 7085
-7151 7074
-7152 7062
-7153 7049
-7154 7035
-7155 7020
-7156 7004
-7157 6987
-7158 6969
-7159 6950
-7160 6930
-7161 6909
-7162 6887
-7163 6864
-7164 6840
-7165 6815
-7166 6789
-7167 6762
-7168 6734
-7169 6705
-7170 6675
-7171 6644
-7172 6612
-7173 6579
-7174 6545
-7175 6510
-7176 6474
-7177 6437
-7178 6399
-7179 6360
-7180 6320
-7181 6279
-7182 6237
-7183 6194
-7184 6150
-7185 6105
-7186 6059
-7187 6012
-7188 5964
-7189 5915
-7190 5865
-7191 5814
-7192 5762
-7193 5709
-7194 5655
-7195 5600
-7196 5544
-7197 5487
-7198 5429
-7199 5370
-7200 5310
-7201 5249
-7202 5187
-7203 5124
-7204 5060
-7205 4995
-7206 4929
-7207 4862
-7208 4794
-7209 4725
-7210 4655
-7211 4584
-7212 4512
-7213 4439
-7214 4365
-7215 4290
-7216 4214
-7217 4137
-7218 4059
-7219 3980
-7220 3900
-7221 3819
-7222 3737
-7223 3654
-7224 3570
-7225 3485
-7226 3399
-7227 3312
-7228 3224
-7229 3135
-7230 3045
-7231 2954
-7232 2862
-7233 2769
-7234 2675
-7235 2580
-7236 2484
-7237 2387
-7238 2289
-7239 2190
-7240 2090
-7241 1989
-7242 1887
-7243 1784
-7244 1680
-7245 1575
-7246 1469
-7247 1362
-7248 1254
-7249 1145
-7250 1035
-7251 924
-7252 812
-7253 699
-7254 585
-7255 470
-7256 354
-7257 237
-7258 119
7259 0
7258 119
7257 237
7256 354
7255 470
7254 585
7253 699
7252 812
7251 924
7250 1035
7249 1145
7248 1254
7247 1362
7246 1469
7245 1575
7244 1680
7243 1784
7242 1887
7241 1989
7240 2090
474 94 119 220
-5964 7188
-6012 7187
-6059 7186
-6105 7185
-6150 7184
-6194 7183
-6237 7182
-6279 7181
-6320 7180
-6360 7179
-6399 7178
-6437 7177
-6474 7176
-6510 7175
-6545 7174
-6579 7173
-6612 7172
-6644 7171
-6675 7170
-6705 7169
-6734 7168
-6762 7167
-6789 7166
-6815 7165
-6840 7164
-6864 7163
-6887 7162
-6909 7161
-6930 7160
-6950 7159
-6969 7158
-6987 7157
-7004 7156
-7020 7155
-7035 7154
-7049 7153
-7062 7152
-7074 7151
-7085 7150
-7095 7149
-7104 7148
-7112 7147
-7119 7146
-7125 7145
-7130 7144
-7134 7143
-7137 7142
-7139 7141
-7141 7139
-7142 7137
-7143 7134
-7144 7130
-7145 7125
-7146 7119
-7147 7112
-7148 7104
-7149 7095
-7150 7085
-7151 7074
-7152 7062
-7153 7049
-7154 7035
-7155 7020
-7156 7004
-7157 6987
-7158 6969
-7159 6950
-7160 6930
-7161 6909
-7162 6887
-7163 6864
-7164 6840
-7165 6815
-7166 6789
-7167 6762
-7168 6734
-7169 6705
-7170 6675
-7171 6644
-7172 6612
-7173 6579
-7174 6545
-7175 6510
-7176 6474
-7177 6437
-7178 6399
-7179 6360
-7180 6320
-7181 6279
-7182 6237
-7183 6194
-7184 6150
-7185 6105
-7186 6059
-7187 6012
-7188 5964
-7189 5915
-7190 5865
-7191 5814
-7192 5762
-7193 5709
-7194 5655
-7195 5600
-7196 5544
-7197 5487
-7198 5429
-7199 5370
-7200 5310
-7201 5249
-7202 5187
-7203 5124
-7204 5060
-7205 4995
-7206 4929
-7207 4862
-7208 4794
-7209 4725
-7210 4655
-7211 4584
-7212 4512
-7213 4439
-7214 4365
-7215 4290
-7216 4214
-7217 4137
-7218 4059
-7219 3980
-7220 3900
-7221 3819
-7222 3737
-7223 3654
-7224 3570
-7225 3485
-7226 3399
-7227 3312
-7228 3224
-7229 3135
-7230 3045
-7231 2954
-7232 2862
-7233 2769
-7234 2675
-7235 2580
-7236 2484
-7237 2387
-7238 2289
-7239 2190
-7240 2090
-7241 1989
-7242 1887
-7243 1784
-7244 1680
-7245 1575
-7246 1469
-7247 1362
-7248 1254
-7249 1145
-7250 1035
-7251 924
-7252 812
-7253 699
-7254 585
-7255 470
-7256 354
-7257 237
-7258 119
7259 0
7258 119
7257 237
7256 354
7255 470
7254 585
7253 699
7252 812
7251 924
7250 1035
7249 1145
7248 1254
7247 1362
7246 1469
7245 1575
7244 1680
7243 1784
7242 1887
7241 1989
7240 2090
7239 2190
7238 2289
7237 2387
7236 2484
7235 2580
7234 2675
7233 2769
7232 2862
7231 2954
7230 3045
7229 3135
7228 3224
7227 3312
7226 3399
7225 3485
7224 3570
7223 3654
7222 3737
7221 3819
7220 3900
7219 3980
7218 4059
7217 4137
7216 4214
7215 4290
7214 4365
7213 4439
7212 4512
7211 4584
7210 4655
7209 4725
7208 4794
7207 4862
7206 4929
7205 4995
7204 5060
7203 5124
7202 5187
7201 5249
7200 5310
7199 5370
7198 5429
7197 5487
7196 5544
7195 5600
7194 5655
7193 5709
7192 5762
7191 5814
7190 5865
7189 5915
7188 5964
7187 6012
7186 6059
7185 6105
7184 6150
7183 6194
7182 6237
7181 6279
7180 6320
7179 6360
7178 6399
7177 6437
7176 6474
7175 6510
7174 6545
7173 6579
7172 6612
7171 6644
7170 6675
7169 6705
7168 6734
7167 6762
7166 6789
7165 6815
7164 6840
7163 6864
7162 6887
7161 6909
7160 6930
7159 6950
7158 6969
7157 6987
7156 7004
7155 7020
7154 7035
7153 7049
7152 7062
7151 7074
7150 7085
7149 7095
7148 7104
7147 7112
7146 7119
7145 7125
7144 7130
7143 7134
7142 7137
7141 7139
7139 7141
7137 7142
7134 7143
7130 7144
7125 7145
7119 7146
7112 7147
7104 7148
7095 7149
7085 7150
7074 7151
7062 7152
7049 7153
7035 7154
7020 7155
7004 7156
6987 7157
6969 7158
6950 7159
6930 7160
6909 7161
6887 7162
6864 7163
6840 7164
6815 7165
6789 7166
6762 7167
6734 7168
6705 7169
6675 7170
6644 7171
6612 7172
6579 7173
6545 7174
6510 7175
6474 7176
6437 7177
6399 7178
6360 7179
6320 7180
6279 7181
6237 7182
6194 7183
6150 7184
6105 7185
6059 7186
6012 7187
5964 7188
5915 7189
5865 7190
5814 7191
5762 7192
5709 7193
5655 7194
5600 7195
5544 7196
5487 7197
5429 7198
5370 7199
5310 7200
5249 7201
5187 7202
5124 7203
5060 7204
4995 7205
4929 7206
4862 7207
4794 7208
4725 7209
4655 7210
4584 7211
4512 7212
4439 7213
4365 7214
4290 7215
4214 7216
4137 7217
4059 7218
3980 7219
3900 7220
3819 7221
3737 7222
3654 7223
3570 7224
3485 7225
3399 7226
3312 7227
3224 7228
3135 7229
3045 7230
2954 7231
2862 7232
2769 7233
2675 7234
2580 7235
2484 7236
2387 7237
2289 7238
2190 7239
2090 7240
1989 7241
1887 7242
1784 7243
1680 7244
1575 7245
1469 7246
1362 7247
1254 7248
1145 7249
1035 7250
924 7251
812 7252
699 7253
585 7254
470 7255
354 7256
237 7257
119 7258
0 7259
-119 7258
-237 7257
-354 7256
-470 7255
-585 7254
-699 7253
-812 7252
-924 7251
-1035 7250
-1145 7249
-1254 7248
-1362 7247
-1469 7246
-1575 7245
-1680 7244
-1784 7243
-1887 7242
-1989 7241
-2090 7240
-2190 7239
-2289 7238
-2387 7237
-2484 7236
-2580 7235
-2675 7234
-2769 7233
-2862 7232
-2954 7231
-3045 7230
-3135 7229
-3224 7228
-3312 7227
-3399 7226
-3485 7225
-3570 7224
-3654 7223
-3737 7222
-3819 7221
-3900 7220
-3980 7219
-4059 7218
-4137 7217
-4214 7216
-4290 7215
-4365 7214
-4439 7213
-4512 7212
-4584 7211
-4655 7210
-4725 7209
-4794 7208
-4862 7207
-4929 7206
-4995 7205
-5060 7204
-5124 7203
-5187 7202
-5249 7201
-5310 7200
-5370 7199
-5429 7198
-5487 7197
-5544 7196
-5600 7195
-5655 7194
-5709 7193
-5762 7192
-5814 7191
-5865 7190
-5915 7189
474 49 51 195
-7256 354
-7257 237
-7258 119
7259 0
7258 119
7257 237
7256 354
7255 470
7254 585
7253 699
7252 812
7251 924
7250 1035
7249 1145
7248 1254
7247 1362
7246 1469
7245 1575
7244 1680
7243 1784
7242 1887
7241 1989
7240 2090
7239 2190
7238 2289
7237 2387
7236 2484
7235 2580
7234 2675
7233 2769
7232 2862
7231 2954
7230 3045
7229 3135
7228 3224
7227 3312
7226 3399
7225 3485
7224 3570
7223 3654
7222 3737
7221 3819
7220 3900
7219 3980
7218 4059
7217 4137
7216 4214
7215 4290
7214 4365
7213 4439
7212 4512
7211 4584
7210 4655
7209 4725
7208 4794
7207 4862
7206 4929
7205 4995
7204 5060
7203 5124
7202 5187
7201 5249
7200 5310
7199 5370
7198 5429
7197 5487
7196 5544
7195 5600
7194 5655
7193 5709
7192 5762
7191 5814
7190 5865
7189 5915
7188 5964
7187 6012
7186 6059
7185 6105
7184 6150
7183 6194
7182 6237
7181 6279
7180 6320
7179 6360
7178 6399
7177 6437
7176 6474
7175 6510
7174 6545
7173 6579
7172 6612
7171 6644
7170 6675
7169 6705
7168 6734
7167 6762
7166 6789
7165 6815
7164 6840
7163 6864
7162 6887
7161 6909
7160 6930
7159 6950
7158 6969
7157 6987
7156 7004
7155 7020
7154 7035
7153 7049
7152 7062
7151 7074
7150 7085
7149 7095
7148 7104
7147 7112
7146 7119
7145 7125
7144 7130
7143 7134
7142 7137
7141 7139
7139 7141
7137 7142
7134 7143
7130 7144
7125 7145
7119 7146
7112 7147
7104 7148
7095 7149
7085 7150
7074 7151
7062 7152
7049 7153
7035 7154
7020 7155
7004 7156
6987 7157
6969 7158
6950 7159
6930 7160
6909 7161
6887 7162
6864 7163
6840 7164
6815 7165
6789 7166
6762 7167
6734 7168
6705 7169
6675 7170
6644 7171
6612 7172
6579 7173
6545 7174
6510 7175
6474 7176
6437 7177
6399 7178
6360 7179
6320 7180
6279 7181
6237 7182
6194 7183
6150 7184
6105 7185
6059 7186
6012 7187
5964 7188
5915 7189
5865 7190
5814 7191
5762 7192
5709 7193
5655 7194
5600 7195
5544 7196
5487 7197
5429 7198
5370 7199
5310 7200
5249 7201
5187 7202
5124 7203
5060 7204
4995 7205
4929 7206
4862 7207
4794 7208
4725 7209
4655 7210
4584 7211
4512 7212
4439 7213
4365 7214
4290 7215
4214 7216
4137 7217
4059 7218
3980 7219
3900 7220
3819 7221
3737 7222
3654 7223
3570 7224
3485 7225
3399 7226
3312 7227
3224 7228
3135 7229
3045 7230
2954 7231
2862 7232
2769 7233
2675 7234
2580 7235
2484 7236
2387 7237
2289 7238
2190 7239
2090 7240
1989 7241
1887 7242
1784 7243
1680 7244
1575 7245
1469 7246
1362 7247
1254 7248
1145 7249
1035 7250
924 7251
812 7252
699 7253
585 7254
470 7255
354 7256
237 7257
119 7258
0 7259
-119 7258
-237 7257
-354 7256
-470 7255
-585 7254
-699 7253
-812 7252
-924 7251
-1035 7250
-1145 7249
-1254 7248
-1362 7247
-1469 7246
-1575 7245
-1680 7244
-1784 7243
-1887 7242
-1989 7241
-2090 7240
-2190 7239
-2289 7238
-2387 7237
-2484 7236
-2580 7235
-2675 7234
-2769 7233
-2862 7232
-2954 7231
-3045 7230
-3135 7229
-3224 7228
-3312 7227
-3399 7226
-3485 7225
-3570 7224
-3654 7223
-3737 7222
-3819 7221
-3900 7220
-3980 7219
-4059 7218
-4137 7217
-4214 7216
-4290 7215
-4365 7214
-4439 7213
-4512 7212
-4584 7211
-4655 7210
-4725 7209
-4794 7208
-4862 7207
-4929 7206
-4995 7205
-5060 7204
-5124 7203
-5187 7202
-5249 7201
-5310 7200
-5370 7199
-5429 7198
-5487 7197
-5544 7196
-5600 7195
-5655 7194
-5709 7193
-5762 7192
-5814 7191
-5865 7190
-5915 7189
-5964 7188
-6012 7187
-6059 7186
-6105 7185
-6150 7184
-6194 7183
-6237 7182
-6279 7181
-6320 7180
-6360 7179
-6399 7178
-6437 7177
-6474 7176
-6510 7175
-6545 7174
-6579 7173
-6612 7172
-6644 7171
-6675 7170
-6705 7169
-6734 7168
-6762 7167
-6789 7166
-6815 7165
-6840 7164
-6864 7163
-6887 7162
-6909 7161
-6930 7160
-6950 7159
-6969 7158
-6987 7157
-7004 7156
-7020 7155
-7035 7154
-7049 7153
-7062 7152
-7074 7151
-7085 7150
-7095 7149
-7104 7148
-7112 7147
-7119 7146
-7125 7145
-7130 7144
-7134 7143
-7137 7142
-7139 7141
-7141 7139
-7142 7137
-7143 7134
-7144 7130
-7145 7125
-7146 7119
-7147 7112
-7148 7104
-7149 7095
-7150 7085
-7151 7074
-7152 7062
-7153 7049
-7154 7035
-7155 7020
-7156 7004
-7157 6987
-7158 6969
-7159 6950
-7160 6930
-7161 6909
-7162 6887
-7163 6864
-7164 6840
-7165 6815
-7166 6789
-7167 6762
-7168 6734
-7169 6705
-7170 6675
-7171 6644
-7172 6612
-7173 6579
-7174 6545
-7175 6510
-7176 6474
-7177 6437
-7178 6399
-7179 6360
-7180 6320
-7181 6279
-7182 6237
-7183 6194
-7184 6150
-7185 6105
-7186 6059
-7187 6012
-7188 5964
-7189 5915
-7190 5865
-7191 5814
-7192 5762
-7193 5709
-7194 5655
-7195 5600
-7196 5544
-7197 5487
-7198 5429
-7199 5370
-7200 5310
-7201 5249
-7202 5187
-7203 5124
-7204 5060
-7205 4995
-7206 4929
-7207 4862
-7208 4794
-7209 4725
-7210 4655
-7211 4584
-7212 4512
-7213 4439
-7214 4365
-7215 4290
-7216 4214
-7217 4137
-7218 4059
-7219 3980
-7220 3900
-7221 3819
-7222 3737
-7223 3654
-7224 3570
-7225 3485
-7226 3399
-7227 3312
-7228 3224
-7229 3135
-7230 3045
-7231 2954
-7232 2862
-7233 2769
-7234 2675
-7235 2580
-7236 2484
-7237 2387
-7238 2289
-7239 2190
-7240 2090
-7241 1989
-7242 1887
-7243 1784
-7244 1680
-7245 1575
-7246 1469
-7247 1362
-7248 1254
-7249 1145
-7250 1035
-7251 924
-7252 812
-7253 699
-7254 585
-7255 470
474 205 398 458
6987 7157
6969 7158
6950 7159
6930 7160
6909 7161
6887 7162
6864 7163
6840 7164
6815 7165
6789 7166
6762 7167
6734 7168
6705 7169
6675 7170
6644 7171
6612 7172
6579 7173
6545 7174
6510 7175
6474 7176
6437 7177
6399 7178
6360 7179
6320 7180
6279 7181
6237 7182
6194 7183
6150 7184
6105 7185
6059 7186
6012 7187
5964 7188
5915 7189
5865 7190
5814 7191
5762 7192
5709 7193
5655 7194
5600 7195
5544 7196
5487 7197
5429 7198
5370 7199
5310 7200
5249 7201
5187 7202
5124 7203
5060 7204
4995 7205
4929 7206
4862 7207
4794 7208
4725 7209
4655 7210
4584 7211
4512 7212
4439 7213
4365 7214
4290 7215
4214 7216
4137 7217
4059 7218
3980 7219
3900 7220
3819 7221
3737 7222
3654 7223
3570 7224
3485 7225
3399 7226
3312 7227
3224 7228
3135 7229
3045 7230
2954 7231
2862 7232
2769 7233
2675 7234
2580 7235
2484 7236
2387 7237
2289 7238
2190 7239
2090 7240
1989 7241
1887 7242
1784 7243
1680 7244
1575 7245
1469 7246
1362 7247
1254 7248
1145 7249
1035 7250
924 7251
812 7252
699 7253
585 7254
470 7255
354 7256
237 7257
119 7258
0 7259
-119 7258
-237 7257
-354 7256
-470 7255
-585 7254
-699 7253
-812 7252
-924 7251
-1035 7250
-1145 7249
-1254 7248
-1362 7247
-1469 7246
-1575 7245
-1680 7244
-1784 7243
-1887 7242
-1989 7241
-2090 7240
-2190 7239
-2289 7238
-2387 7237
-2484 7236
-2580 7235
-2675 7234
-2769 7233
-2862 7232
-2954 7231
-3045 7230
-3135 7229
-3224 7228
-3312 7227
-3399 7226
-3485 7225
-3570 7224
-3654 7223
-3737 7222
-3819 7221
-3900 7220
-3980 7219
-4059 7218
-4137 7217
-4214 7216
-4290 7215
-4365 7214
-4439 7213
-4512 7212
-4584 7211
-4655 7210
-4725 7209
-4794 7208
-4862 7207
-4929 7206
-4995 7205
-5060 7204
-5124 7203
-5187 7202
-5249 7201
-5310 7200
-5370 7199
-5429 7198
-5487 7197
-5544 7196
-5600 7195
-5655 7194
-5709 7193
-5762 7192
-5814 7191
-5865 7190
-5915 7189
-5964 7188
-6012 7187
-6059 7186
-6105 7185
-6150 7184
-6194 7183
-6237 7182
-6279 7181
-6320 7180
-6360 7179
-6399 7178
-6437 7177
-6474 7176
-6510 7175
-6545 7174
-6579 7173
-6612 7172
-6644 7171
-6675 7170
-6705 7169
-6734 7168
-6762 7167
-6789 7166
-6815 7165
-6840 7164
-6864 7163
-6887 7162
-6909 7161
-6930 7160
-6950 7159
-6969 7158
-6987 7157
-7004 7156
-7020 7155
-7035 7154
-7049 7153
-7062 7152
-7074 7151
-7085 7150
-7095 7149
-7104 7148
-7112 7147
-7119 7146
-7125 7145
-7130 7144
-7134 7143
-7137 7142
-7139 7141
-7141 7139
-7142 7137
-7143 7134
-7144 7130
-7145 7125
-7146 7119
-7147 7112
-7148 7104
-7149 7095
-7150 7085
-7151 7074
-7152 7062
-7153 7049
-7154 7035
-7155 7020
-7156 7004
-7157 6987
-7158 6969
-7159 6950
-7160 6930
-7161 6909
-7162 6887
-7163 6864
-7164 6840
-7165 6815
-7166 6789
-7167 6762
-7168 6734
-7169 6705
-7170 6675
-7171 6644
-7172 6612
-7173 6579
-7174 6545
-7175 6510
-7176 6474
-7177 6437
-7178 6399
-7179 6360
-7180 6320
-7181 6279
-7182 6237
-7183 6194
-7184 6150
-7185 6105
-7186 6059
-7187 6012
-7188 5964
-7189 5915
-7190 5865
-7191 5814
-7192 5762
-7193 5709
-7194 5655
-7195 5600
-7196 5544
-7197 5487
-7198 5429
-7199 5370
-7200 5310
-7201 5249
-7202 5187
-7203 5124
-7204 5060
-7205 4995
-7206 4929
-7207 4862
-7208 4794
-7209 4725
-7210 4655
-7211 4584
-7212 4512
-7213 4439
-7214 4365
-7215 4290
-7216 4214
-7217 4137
-7218 4059
-7219 3980
-7220 3900
-7221 3819
-7222 3737
-7223 3654
-7224 3570
-7225 3485
-7226 3399
-7227 3312
-7228 3224
-7229 3135
-7230 3045
-7231 2954
-7232 2862
-7233 2769
-7234 2675
-7235 2580
-7236 2484
-7237 2387
-7238 2289
-7239 2190
-7240 2090
-7241 1989
-7242 1887
-7243 1784
-7244 1680
-7245 1575
-7246 1469
-7247 1362
-7248 1254
-7249 1145
-7250 1035
-7251 924
-7252 812
-7253 699
-7254 585
-7255 470
-7256 354
-7257 237
-7258 119
7259 0
7258 119
7257 237
7256 354
7255 470
7254 585
7253 699
7252 812
7251 924
7250 1035
7249 1145
7248 1254
7247 1362
7246 1469
7245 1575
7244 1680
7243 1784
7242 1887
7241 1989
7240 2090
7239 2190
7238 2289
7237 2387
7236 2484
7235 2580
7234 2675
7233 2769
7232 2862
7231 2954
7230 3045
7229 3135
7228 3224
7227 3312
7226 3399
7225 3485
7224 3570
7223 3654
7222 3737
7221 3819
7220 3900
7219 3980
7218 4059
7217 4137
7216 4214
7215 4290
7214 4365
7213 4439
7212 4512
7211 4584
7210 4655
7209 4725
7208 4794
7207 4862
7206 4929
7205 4995
7204 5060
7203 5124
7202 5187
7201 5249
7200 5310
7199 5370
7198 5429
7197 5487
7196 5544
7195 5600
7194 5655
7193 5709
7192 5762
7191 5814
7190 5865
7189 5915
7188 5964
7187 6012
7186 6059
7185 6105
7184 6150
7183 6194
7182 6237
7181 6279
7180 6320
7179 6360
7178 6399
7177 6437
7176 6474
7175 6510
7174 6545
7173 6579
7172 6612
7171 6644
7170 6675
7169 6705
7168 6734
7167 6762
7166 6789
7165 6815
7164 6840
7163 6864
7162 6887
7161 6909
7160 6930
7159 6950
7158 6969
7157 6987
7156 7004
7155 7020
7154 7035
7153 7049
7152 7062
7151 7074
7150 7085
7149 7095
7148 7104
7147 7112
7146 7119
7145 7125
7144 7130
7143 7134
7142 7137
7141 7139
7139 7141
7137 7142
7134 7143
7130 7144
7125 7145
7119 7146
7112 7147
7104 7148
7095 7149
7085 7150
7074 7151
7062 7152
7049 7153
7035 7154
7020 7155
7004 7156
474 1 240 470
-2387 7237
-2484 7236
-2580 7235
-2675 7234
-2769 7233
-2862 7232
-2954 7231
-3045 7230
-3135 7229
-3224 7228
-3312 7227
-3399 7226
-3485 7225
-3570 7224
-3654 7223
-3737 7222
-3819 7221
-3900 7220
-3980 7219
-4059 7218
-4137 7217
-4214 7216
-4290 7215
-4365 7214
-4439 7213
-4512 7212
-4584 7211
-4655 7210
-4725 7209
-4794 7208
-4862 7207
-4929 7206
-4995 7205
-5060 7204
-5124 7203
-5187 7202
-5249 7201
-5310 7200
-5370 7199
-5429 7198
-5487 7197
-5544 7196
-5600 7195
-5655 7194
-5709 7193
-5762 7192
-5814 7191
-5865 7190
-5915 7189
-5964 7188
-6012 7187
-6059 7186
-6105 7185
-6150 7184
-6194 7183
-6237 7182
-6279 7181
-6320 7180
-6360 7179
-6399 7178
-6437 7177
-6474 7176
-6510 7175
-6545 7174
-6579 7173
-6612 7172
-6644 7171
-6675 7170
-6705 7169
-6734 7168
-6762 7167
-6789 7166
-6815 7165
-6840 7164
-6864 7163
-6887 7162
-6909 7161
-6930 7160
-6950 7159
-6969 7158
-6987 7157
-7004 7156
-7020 7155
-7035 7154
-7049 7153
-7062 7152
-7074 7151
-7085 7150
-7095 7149
-7104 7148
-7112 7147
-7119 7146
-7125 7145
-7130 7144
-7134 7143
-7137 7142
-7139 7141
-7141 7139
-7142 7137
-7143 7134
-7144 7130
-7145 7125
-7146 7119
-7147 7112
-7148 7104
-7149 7095
-7150 7085
-7151 7074
-7152 7062
-7153 7049
-7154 7035
-7155 7020
-7156 7004
-7157 6987
-7158 6969
-7159 6950
-7160 6930
-7161 6909
-7162 6887
-7163 6864
-7164 6840
-7165 6815
-7166 6789
-7167 6762
-7168 6734
-7169 6705
-7170 6675
-7171 6644
-7172 6612
-7173 6579
-7174 6545
-7175 6510
-7176 6474
-7177 6437
-7178 6399
-7179 6360
-7180 6320
-7181 6279
-7182 6237
-7183 6194
-7184 6150
-7185 6105
-7186 6059
-7187 6012
-7188 5964
-7189 5915
-7190 5865
-7191 5814
-7192 5762
-7193 5709
-7194 5655
-7195 5600
-7196 5544
-7197 5487
-7198 5429
-7199 5370
-7200 5310
-7201 5249
-7202 5187
-7203 5124
-7204 5060
-7205 4995
-7206 4929
-7207 4862
-7208 4794
-7209 4725
-7210 4655
-7211 4584
-7212 4512
-7213 4439
-7214 4365
-7215 4290
-7216 4214
-7217 4137
-7218 4059
-7219 3980
-7220 3900
-7221 3819
-7222 3737
-7223 3654
-7224 3570
-7225 3485
-7226 3399
-7227 3312
-7228 3224
-7229 3135
-7230 3045
-7231 2954
-7232 2862
-7233 2769
-7234 2675
-7235 2580
-7236 2484
-7237 2387
-7238 2289
-7239 2190
-7240 2090
-7241 1989
-7242 1887
-7243 1784
-7244 1680
-7245 1575
-7246 1469
-7247 1362
-7248 1254
-7249 1145
-7250 1035
-7251 924
-7252 812
-7253 699
-7254 585
-7255 470
-7256 354
-7257 237
-7258 119
7259 0
7258 119
7257 237
7256 354
7255 470
7254 585
7253 699
7252 812
7251 924
7250 1035
7249 1145
7248 1254
7247 1362
7246 1469
7245 1575
7244 1680
7243 1784
7242 1887
7241 1989
7240 2090
7239 2190
7238 2289
7237 2387
7236 2484
7235 2580
7234 2675
7233 2769
7232 2862
7231 2954
7230 3045
7229 3135
7228 3224
7227 3312
7226 3399
7225 3485
7224 3570
7223 3654
7222 3737
7221 3819
7220 3900
7219 3980
7218 4059
7217 4137
7216 4214
7215 4290
7214 4365
7213 4439
7212 4512
7211 4584
7210 4655
7209 4725
7208 4794
7207 4862
7206 4929
7205 4995
7204 5060
7203 5124
7202 5187
7201 5249
7200 5310
7199 5370
7198 5429
7197 5487
7196 5544
7195 5600
7194 5655
7193 5709
7192 5762
7191 5814
7190 5865
7189 5915
7188 5964
7187 6012
7186 6059
7185 6105
7184 6150
7183 6194
7182 6237
7181 6279
7180 6320
7179 6360
7178 6399
7177 6437
7176 6474
7175 6510
7174 6545
7173 6579
7172 6612
7171 6644
7170 6675
7169 6705
7168 6734
7167 6762
7166 6789
7165 6815
7164 6840
7163 6864
7162 6887
7161 6909
7160 6930
7159 6950
7158 6969
7157 6987
7156 7004
7155 7020
7154 7035
7153 7049
7152 7062
7151 7074
7150 7085
7149 7095
7148 7104
7147 7112
7146 7119
7145 7125
7144 7130
7143 7134
7142 7137
7141 7139
7139 7141
7137 7142
7134 7143
7130 7144
7125 7145
7119 7146
7112 7147
7104 7148
7095 7149
7085 7150
7074 7151
7062 7152
7049 7153
7035 7154
7020 7155
7004 7156
6987 7157
6969 7158
6950 7159
6930 7160
6909 7161
6887 7162
6864 7163
6840 7164
6815 7165
6789 7166
6762 7167
6734 7168
6705 7169
6675 7170
6644 7171
6612 7172
6579 7173
6545 7174
6510 7175
6474 7176
6437 7177
6399 7178
6360 7179
6320 7180
6279 7181
6237 7182
6194 7183
6150 7184
6105 7185
6059 7186
6012 7187
5964 7188
5915 7189
5865 7190
5814 7191
5762 7192
5709 7193
5655 7194
5600 7195
5544 7196
5487 7197
5429 7198
5370 7199
5310 7200
5249 7201
5187 7202
5124 7203
5060 7204
4995 7205
4929 7206
4862 7207
4794 7208
4725 7209
4655 7210
4584 7211
4512 7212
4439 7213
4365 7214
4290 7215
4214 7216
4137 7217
4059 7218
3980 7219
3900 7220
3819 7221
3737 7222
3654 7223
3570 7224
3485 7225
3399 7226
3312 7227
3224 7228
3135 7229
3045 7230
2954 7231
2862 7232
2769 7233
2675 7234
2580 7235
2484 7236
2387 7237
2289 7238
2190 7239
2090 7240
1989 7241
1887 7242
1784 7243
1680 7244
1575 7245
1469 7246
1362 7247
1254 7248
1145 7249
1035 7250
924 7251
812 7252
699 7253
585 7254
470 7255
354 7256
237 7257
119 7258
0 7259
-119 7258
-237 7257
-354 7256
-470 7255
-585 7254
-699 7253
-812 7252
-924 7251
-1035 7250
-1145 7249
-1254 7248
-1362 7247
-1469 7246
-1575 7245
-1680 7244
-1784 7243
-1887 7242
-1989 7241
-2090 7240
-2190 7239
-2289 7238
948 257 470 623
-7184 -6150
-7183 -6194
-7182 -6237
-7181 -6279
-7180 -6320
-7179 -6360
-7178 -6399
-7177 -6437
-7176 -6474
-7175 -6510
-7174 -6545
-7173 -6579
-7172 -6612
-7171 -6644
-7170 -6675
-7169 -6705
-7168 -6734
-7167 -6762
-7166 -6789
-7165 -6815
-7164 -6840
-7163 -6864
-7162 -6887
-7161 -6909
-7160 -6930
-7159 -6950
-7158 -6969
-7157 -6987
-7156 -7004
-7155 -7020
-7154 -7035
-7153 -7049
-7152 -7062
-7151 -7074
-7150 -7085
-7149 -7095
-7148 -7104
-7147 -7112
-7146 -7119
-7145 -7125
-7144 -7130
-7143 -7134
-7142 -7137
-7141 -7139
-7139 -7141
-7137 -7142
-7134 -7143
-7130 -7144
-7125 -7145
-7119 -7146
-7112 -7147
-7104 -7148
-7095 -7149
-7085 -7150
-7074 -7151
-7062 -7152
-7049 -7153
-7035 -7154
-7020 -7155
-7004 -7156
-6987 -7157
-6969 -7158
-6950 -7159
-6930 -7160
-6909 -7161
-6887 -7162
-6864 -7163
-6840 -7164
-6815 -7165
-6789 -7166
-6762 -7167
-6734 -7168
-6705 -7169
-6675 -7170
-6644 -7171
-6612 -7172
-6579 -7173
-6545 -7174
-6510 -7175
-6474 -7176
-6437 -7177
-6399 -7178
-6360 -7179
-6320 -7180
-6279 -7181
-6237 -7182
-6194 -7183
-6150 -7184
-6105 -7185
-6059 -7186
-6012 -7187
-5964 -7188
-5915 -7189
-5865 -7190
-5814 -7191
-5762 -7192
-5709 -7193
-5655 -7194
-5600 -7195
-5544 -7196
-5487 -7197
-5429 -7198
-5370 -7199
-5310 -7200
-5249 -7201
-5187 -7202
-5124 -7203
-5060 -7204
-4995 -7205
-4929 -7206
-4862 -7207
-4794 -7208
-4725 -7209
-4655 -7210
-4584 -7211
-4512 -7212
-4439 -7213
-4365 -7214
-4290 -7215
-4214 -7216
-4137 -7217
-4059 -7218
-3980 -7219
-3900 -7220
-3819 -7221
-3737 -7222
-3654 -7223
-3570 -7224
-3485 -7225
-3399 -7226
-3312 -7227
-3224 -7228
-3135 -7229
-3045 -7230
-2954 -7231
-2862 -7232
-2769 -7233
-2675 -7234
-2580 -7235
-2484 -7236
-2387 -7237
-2289 -7238
-2190 -7239
-2090 -7240
-1989 -7241
-1887 -7242
-1784 -7243
-1680 -7244
-1575 -7245
-1469 -7246
-1362 -7247
-1254 -7248
-1145 -7249
-1035 -7250
-924 -7251
-812 -7252
-699 -7253
-585 -7254
-470 -7255
-354 -7256
-237 -7257
-119 -7258
0 -7259
119 -7258
237 -7257
354 -7256
470 -7255
585 -7254
699 -7253
812 -7252
924 -7251
1035 -7250
1145 -7249
1254 -7248
1362 -7247
1469 -7246
1575 -7245
1680 -7244
1784 -7243
1887 -7242
1989 -7241
2090 -7240
2190 -7239
2289 -7238
2387 -7237
2484 -7236
2580 -7235
2675 -7234
2769 -7233
2862 -7232
2954 -7231
3045 -7230
3135 -7229
3224 -7228
3312 -7227
3399 -7226
3485 -7225
3570 -7224
3654 -7223
3737 -7222
3819 -7221
3900 -7220
3980 -7219
4059 -7218
4137 -7217
4214 -7216
4290 -7215
4365 -7214
4439 -7213
4512 -7212
4584 -7211
4655 -7210
4725 -7209
4794 -7208
4862 -7207
4929 -7206
4995 -7205
5060 -7204
5124 -7203
5187 -7202
5249 -7201
5310 -7200
5370 -7199
5429 -7198
5487 -7197
5544 -7196
5600 -7195
5655 -7194
5709 -7193
5762 -7192
5814 -7191
5865 -7190
5915 -7189
5964 -7188
6012 -7187
6059 -7186
6105 -7185
6150 -7184
6194 -7183
6237 -7182
6279 -7181
6320 -7180
6360 -7179
6399 -7178
6437 -7177
6474 -7176
6510 -7175
6545 -7174
6579 -7173
6612 -7172
6644 -7171
6675 -7170
6705 -7169
6734 -7168
6762 -7167
6789 -7166
6815 -7165
6840 -7164
6864 -7163
6887 -7162
6909 -7161
6930 -7160
6950 -7159
6969 -7158
6987 -7157
7004 -7156
7020 -7155
7035 -7154
7049 -7153
7062 -7152
7074 -7151
7085 -7150
7095 -7149
7104 -7148
7112 -7147
7119 -7146
7125 -7145
7130 -7144
7134 -7143
7137 -7142
7139 -7141
7141 -7139
7142 -7137
7143 -7134
7144 -7130
7145 -7125
7146 -7119
7147 -7112
7148 -7104
7149 -7095
7150 -7085
7151 -7074
7152 -7062
7153 -7049
7154 -7035
7155 -7020
7156 -7004
7157 -6987
7158 -6969
7159 -6950
7160 -6930
7161 -6909
7162 -6887
7163 -6864
7164 -6840
7165 -6815
7166 -6789
7167 -6762
7168 -6734
7169 -6705
7170 -6675
7171 -6644
7172 -6612
7173 -6579
7174 -6545
7175 -6510
7176 -6474
7177 -6437
7178 -6399
7179 -6360
7180 -6320
7181 -6279
7182 -6237
7183 -6194
7184 -6150
7185 -6105
7186 -6059
7187 -6012
7188 -5964
7189 -5915
7190 -5865
7191 -5814
7192 -5762
7193 -5709
7194 -5655
7195 -5600
7196 -5544
7197 -5487
7198 -5429
7199 -5370
7200 -5310
7201 -5249
7202 -5187
7203 -5124
7204 -5060
7205 -4995
7206 -4929
7207 -4862
7208 -4794
7209 -4725
7210 -4655
7211 -4584
7212 -4512
7213 -4439
7214 -4365
7215 -4290
7216 -4214
7217 -4137
7218 -4059
7219 -3980
7220 -3900
7221 -3819
7222 -3737
7223 -3654
7224 -3570
7225 -3485
7226 -3399
7227 -3312
7228 -3224
7229 -3135
7230 -3045
7231 -2954
7232 -2862
7233 -2769
7234 -2675
7235 -2580
7236 -2484
7237 -2387
7238 -2289
7239 -2190
7240 -2090
7241 -1989
7242 -1887
7243 -1784
7244 -1680
7245 -1575
7246 -1469
7247 -1362
7248 -1254
7249 -1145
7250 -1035
7251 -924
7252 -812
7253 -699
7254 -585
7255 -470
7256 -354
7257 -237
7258 -119
7259 0
7258 119
7257 237
7256 354
7255 470
7254 585
7253 699
7252 812
7251 924
7250 1035
7249 1145
7248 1254
7247 1362
7246 1469
7245 1575
7244 1680
7243 1784
7242 1887
7241 1989
7240 2090
7239 2190
7238 2289
7237 2387
7236 2484
7235 2580
7234 2675
7233 2769
7232 2862
7231 2954
7230 3045
7229 3135
7228 3224
7227 3312
7226 3399
7225 3485
7224 3570
7223 3654
7222 3737
7221 3819
7220 3900
7219 3980
7218 4059
7217 4137
7216 4214
7215 4290
7214 4365
7213 4439
7212 4512
7211 4584
7210 4655
7209 4725
7208 4794
7207 4862
7206 4929
7205 4995
7204 5060
7203 5124
7202 5187
7201 5249
7200 5310
7199 5370
7198 5429
7197 5487
7196 5544
7195 5600
7194 5655
7193 5709
7192 5762
7191 5814
7190 5865
7189 5915
7188 5964
7187 6012
7186 6059
7185 6105
7184 6150
7183 6194
7182 6237
7181 6279
7180 6320
7179 6360
7178 6399
7177 6437
7176 6474
7175 6510
7174 6545
7173 6579
7172 6612
7171 6644
7170 6675
7169 6705
7168 6734
7167 6762
7166 6789
7165 6815
7164 6840
7163 6864
7162 6887
7161 6909
7160 6930
7159 6950
7158 6969
7157 6987
7156 7004
7155 7020
7154 7035
7153 7049
7152 7062
7151 7074
7150 7085
7149 7095
7148 7104
7147 7112
7146 7119
7145 7125
7144 7130
7143 7134
7142 7137
7141 7139
7139 7141
7137 7142
7134 7143
7130 7144
7125 7145
7119 7146
7112 7147
7104 7148
7095 7149
7085 7150
7074 7151
7062 7152
7049 7153
7035 7154
7020 7155
7004 7156
6987 7157
6969 7158
6950 7159
6930 7160
6909 7161
6887 7162
6864 7163
6840 7164
6815 7165
6789 7166
6762 7167
6734 7168
6705 7169
6675 7170
6644 7171
6612 7172
6579 7173
6545 7174
6510 7175
6474 7176
6437 7177
6399 7178
6360 7179
6320 7180
6279 7181
6237 7182
6194 7183
6150 7184
6105 7185
6059 7186
6012 7187
5964 7188
5915 7189
5865 7190
5814 7191
5762 7192
5709 7193
5655 7194
5600 7195
5544 7196
5487 7197
5429 7198
5370 7199
5310 7200
5249 7201
5187 7202
5124 7203
5060 7204
4995 7205
4929 7206
4862 7207
4794 7208
4725 7209
4655 7210
4584 7211
4512 7212
4439 7213
4365 7214
4290 7215
4214 7216
4137 7217
4059 7218
3980 7219
3900 7220
3819 7221
3737 7222
3654 7223
3570 7224
3485 7225
3399 7226
3312 7227
3224 7228
3135 7229
3045 7230
2954 7231
2862 7232
2769 7233
2675 7234
2580 7235
2484 7236
2387 7237
2289 7238
2190 7239
2090 7240
1989 7241
1887 7242
1784 7243
1680 7244
1575 7245
1469 7246
1362 7247
1254 7248
1145 7249
1035 7250
924 7251
812 7252
699 7253
585 7254
470 7255
354 7256
237 7257
119 7258
0 7259
-119 7258
-237 7257
-354 7256
-470 7255
-585 7254
-699 7253
-812 7252
-924 7251
-1035 7250
-1145 7249
-1254 7248
-1362 7247
-1469 7246
-1575 7245
-1680 7244
-1784 7243
-1887 7242
-1989 7241
-2090 7240
-2190 7239
-2289 7238
-2387 7237
-2484 7236
-2580 7235
-2675 7234
-2769 7233
-2862 7232
-2954 7231
-3045 7230
-3135 7229
-3224 7228
-3312 7227
-3399 7226
-3485 7225
-3570 7224
-3654 7223
-3737 7222
-3819 7221
-3900 7220
-3980 7219
-4059 7218
-4137 7217
-4214 7216
-4290 7215
-4365 7214
-4439 7213
-4512 7212
-4584 7211
-4655 7210
-4725 7209
-4794 7208
-4862 7207
-4929 7206
-4995 7205
-5060 7204
-5124 7203
-5187 7202
-5249 7201
-5310 7200
-5370 7199
-5429 7198
-5487 7197
-5544 7196
-5600 7195
-5655 7194
-5709 7193
-5762 7192
-5814 7191
-5865 7190
-5915 7189
-5964 7188
-6012 7187
-6059 7186
-6105 7185
-6150 7184
-6194 7183
-6237 7182
-6279 7181
-6320 7180
-6360 7179
-6399 7178
-6437 7177
-6474 7176
-6510 7175
-6545 7174
-6579 7173
-6612 7172
-6644 7171
-6675 7170
-6705 7169
-6734 7168
-6762 7167
-6789 7166
-6815 7165
-6840 7164
-6864 7163
-6887 7162
-6909 7161
-6930 7160
-6950 7159
-6969 7158
-6987 7157
-7004 7156
-7020 7155
-7035 7154
-7049 7153
-7062 7152
-7074 7151
-7085 7150
-7095 7149
-7104 7148
-7112 7147
-7119 7146
-7125 7145
-7130 7144
-7134 7143
-7137 7142
-7139 7141
-7141 7139
-7142 7137
-7143 7134
-7144 7130
-7145 7125
-7146 7119
-7147 7112
-7148 7104
-7149 7095
-7150 7085
-7151 7074
-7152 7062
-7153 7049
-7154 7035
-7155 7020
-7156 7004
-7157 6987
-7158 6969
-7159 6950
-7160 6930
-7161 6909
-7162 6887
-7163 6864
-7164 6840
-7165 6815
-7166 6789
-7167 6762
-7168 6734
-7169 6705
-7170 6675
-7171 6644
-7172 6612
-7173 6579
-7174 6545
-7175 6510
-7176 6474
-7177 6437
-7178 6399
-7179 6360
-7180 6320
-7181 6279
-7182 6237
-7183 6194
-7184 6150
-7185 6105
-7186 6059
-7187 6012
-7188 5964
-7189 5915
-7190 5865
-7191 5814
-7192 5762
-7193 5709
-7194 5655
-7195 5600
-7196 5544
-7197 5487
-7198 5429
-7199 5370
-7200 5310
-7201 5249
-7202 5187
-7203 5124
-7204 5060
-7205 4995
-7206 4929
-7207 4862
-7208 4794
-7209 4725
-7210 4655
-7211 4584
-7212 4512
-7213 4439
-7214 4365
-7215 4290
-7216 4214
-7217 4137
-7218 4059
-7219 3980
-7220 3900
-7221 3819
-7222 3737
-7223 3654
-7224 3570
-7225 3485
-7226 3399
-7227 3312
-7228 3224
-7229 3135
-7230 3045
-7231 2954
-7232 2862
-7233 2769
-7234 2675
-7235 2580
-7236 2484
-7237 2387
-7238 2289
-7239 2190
-7240 2090
-7241 1989
-7242 1887
-7243 1784
-7244 1680
-7245 1575
-7246 1469
-7247 1362
-7248 1254
-7249 1145
-7250 1035
-7251 924
-7252 812
-7253 699
-7254 585
-7255 470
-7256 354
-7257 237
-7258 119
-7259 0
-7258 -119
-7257 -237
-7256 -354
-7255 -470
-7254 -585
-7253 -699
-7252 -812
-7251 -924
-7250 -1035
-7249 -1145
-7248 -1254
-7247 -1362
-7246 -1469
-7245 -1575
-7244 -1680
-7243 -1784
-7242 -1887
-7241 -1989
-7240 -2090
-7239 -2190
-7238 -2289
-7237 -2387
-7236 -2484
-7235 -2580
-7234 -2675
-7233 -2769
-7232 -2862
-7231 -2954
-7230 -3045
-7229 -3135
-7228 -3224
-7227 -3312
-7226 -3399
-7225 -3485
-7224 -3570
-7223 -3654
-7222 -3737
-7221 -3819
-7220 -3900
-7219 -3980
-7218 -4059
-7217 -4137
-7216 -4214
-7215 -4290
-7214 -4365
-7213 -4439
-7212 -4512
-7211 -4584
-7210 -4655
-7209 -4725
-7208 -4794
-7207 -4862
-7206 -4929
-7205 -4995
-7204 -5060
-7203 -5124
-7202 -5187
-7201 -5249
-7200 -5310
-7199 -5370
-7198 -5429
-7197 -5487
-7196 -5544
-7195 -5600
-7194 -5655
-7193 -5709
-7192 -5762
-7191 -5814
-7190 -5865
-7189 -5915
-7188 -5964
-7187 -6012
-7186 -6059
-7185 -6105
948 338 701 908
-7134 7143
-7137 7142
-7139 7141
-7141 7139
-7142 7137
-7143 7134
-7144 7130
-7145 7125
-7146 7119
-7147 7112
-7148 7104
-7149 7095
-7150 7085
-7151 7074
-7152 7062
-7153 7049
-7154 7035
-7155 7020
-7156 7004
-7157 6987
-7158 6969
-7159 6950
-7160 6930
-7161 6909
-7162 6887
-7163 6864
-7164 6840
-7165 6815
-7166 6789
-7167 6762
-7168 6734
-7169 6705
-7170 6675
-7171 6644
-7172 6612
-7173 6579
-7174 6545
-7175 6510
-7176 6474
-7177 6437
-7178 6399
-7179 6360
-7180 6320
-7181 6279
-7182 6237
-7183 6194
-7184 6150
-7185 6105
-7186 6059
-7187 6012
-7188 5964
-7189 5915
-7190 5865
-7191 5814
-7192 5762
-7193 5709
-7194 5655
-7195 5600
-7196 5544
-7197 5487
-7198 5429
-7199 5370
-7200 5310
-7201 5249
-7202 5187
-7203 5124
-7204 5060
-7205 4995
-7206 4929
-7207 4862
-7208 4794
-7209 4725
-7210 4655
-7211 4584
-7212 4512
-7213 4439
-7214 4365
-7215 4290
-7216 4214
-7217 4137
-7218 4059
-7219 3980
-7220 3900
-7221 3819
-7222 3737
-7223 3654
-7224 3570
-7225 3485
-7226 3399
-7227 3312
-7228 3224
-7229 3135
-7230 3045
-7231 2954
-7232 2862
-7233 2769
-7234 2675
-7235 2580
-7236 2484
-7237 2387
-7238 2289
-7239 2190
-7240 2090
-7241 1989
-7242 1887
-7243 1784
-7244 1680
-7245 1575
-7246 1469
-7247 1362
-7248 1254
-7249 1145
-7250 1035
-7251 924
-7252 812
-7253 699
-7254 585
-7255 470
-7256 354
-7257 237
-7258 119
-7259 0
-7258 -119
-7257 -237
-7256 -354
-7255 -470
-7254 -585
-7253 -699
-7252 -812
-7251 -924
-7250 -1035
-7249 -1145
-7248 -1254
-7247 -1362
-7246 -1469
-7245 -1575
-7244 -1680
-7243 -1784
-7242 -1887
-7241 -1989
-7240 -2090
-7239 -2190
-7238 -2289
-7237 -2387
-7236 -2484
-7235 -2580
-7234 -2675
-7233 -2769
-7232 -2862
-7231 -2954
-7230 -3045
-7229 -3135
-7228 -3224
-7227 -3312
-7226 -3399
-7225 -3485
-7224 -3570
-7223 -3654
-7222 -3737
-7221 -3819
-7220 -3900
-7219 -3980
-7218 -4059
-7217 -4137
-7216 -4214
-7215 -4290
-7214 -4365
-7213 -4439
-7212 -4512
-7211 -4584
-7210 -4655
-7209 -4725
-7208 -4794
-7207 -4862
-7206 -4929
-7205 -4995
-7204 -5060
-7203 -5124
-7202 -5187
-7201 -5249
-7200 -5310
-7199 -5370
-7198 -5429
-7197 -5487
-7196 -5544
-7195 -5600
-7194 -5655
-7193 -5709
-7192 -5762
-7191 -5814
-7190 -5865
-7189 -5915
-7188 -5964
-7187 -6012
-7186 -6059
-7185 -6105
-7184 -6150
-7183 -6194
-7182 -6237
-7181 -6279
-7180 -6320
-7179 -6360
-7178 -6399
-7177 -6437
-7176 -6474
-7175 -6510
-7174 -6545
-7173 -6579
-7172 -6612
-7171 -6644
-7170 -6675
-7169 -6705
-7168 -6734
-7167 -6762
-7166 -6789
-7165 -6815
-7164 -6840
-7163 -6864
-7162 -6887
-7161 -6909
-7160 -6930
-7159 -6950
-7158 -6969
-7157 -6987
-7156 -7004
-7155 -7020
-7154 -7035
-7153 -7049
-7152 -7062
-7151 -7074
-7150 -7085
-7149 -7095
-7148 -7104
-7147 -7112
-7146 -7119
-7145 -7125
-7144 -7130
-7143 -7134
-7142 -7137
-7141 -7139
-7139 -7141
-7137 -7142
-7134 -7143
-7130 -7144
-7125 -7145
-7119 -7146
-7112 -7147
-7104 -7148
-7095 -7149
-7085 -7150
-7074 -7151
-7062 -7152
-7049 -7153
-7035 -7154
-7020 -7155
-7004 -7156
-6987 -7157
-6969 -7158
-6950 -7159
-6930 -7160
-6909 -7161
-6887 -7162
-6864 -7163
-6840 -7164
-6815 -7165
-6789 -7166
-6762 -7167
-6734 -7168
-6705 -7169
-6675 -7170
-6644 -7171
-6612 -7172
-6579 -7173
-6545 -7174
-6510 -7175
-6474 -7176
-6437 -7177
-6399 -7178
-6360 -7179
-6320 -7180
-6279 -7181
-6237 -7182
-6194 -7183
-6150 -7184
-6105 -7185
-6059 -7186
-6012 -7187
-5964 -7188
-5915 -7189
-5865 -7190
-5814 -7191
-5762 -7192
-5709 -7193
-5655 -7194
-5600 -7195
-5544 -7196
-5487 -7197
-5429 -7198
-5370 -7199
-5310 -7200
-5249 -7201
-5187 -7202
-5124 -7203
-5060 -7204
-4995 -7205
-4929 -7206
-4862 -7207
-4794 -7208
-4725 -7209
-4655 -7210
-4584 -7211
-4512 -7212
-4439 -7213
-4365 -7214
-4290 -7215
-4214 -7216
-4137 -7217
-4059 -7218
-3980 -7219
-3900 -7220
-3819 -7221
-3737 -7222
-3654 -7223
-3570 -7224
-3485 -7225
-3399 -7226
-3312 -7227
-3224 -7228
-3135 -7229
-3045 -7230
-2954 -7231
-2862 -7232
-2769 -7233
-2675 -7234
-2580 -7235
-2484 -7236
-2387 -7237
-2289 -7238
-2190 -7239
-2090 -7240
-1989 -7241
-1887 -7242
-1784 -7243
-1680 -7244
-1575 -7245
-1469 -7246
-1362 -7247
-1254 -7248
-1145 -7249
-1035 -7250
-924 -7251
-812 -7252
-699 -7253
-585 -7254
-470 -7255
-354 -7256
-237 -7257
-119 -7258
0 -7259
119 -7258
237 -7257
354 -7256
470 -7255
585 -7254
699 -7253
812 -7252
924 -7251
1035 -7250
1145 -7249
1254 -7248
1362 -7247
1469 -7246
1575 -7245
1680 -7244
1784 -7243
1887 -7242
1989 -7241
2090 -7240
2190 -7239
2289 -7238
2387 -7237
2484 -7236
2580 -7235
2675 -7234
2769 -7233
2862 -7232
2954 -7231
3045 -7230
3135 -7229
3224 -7228
3312 -7227
3399 -7226
3485 -7225
3570 -7224
3654 -7223
3737 -7222
3819 -7221
3900 -7220
3980 -7219
4059 -7218
4137 -7217
4214 -7216
4290 -7215
4365 -7214
4439 -7213
4512 -7212
4584 -7211
4655 -7210
4725 -7209
4794 -7208
4862 -7207
4929 -7206
4995 -7205
5060 -7204
5124 -7203
5187 -7202
5249 -7201
5310 -7200
5370 -7199
5429 -7198
5487 -7197
5544 -7196
5600 -7195
5655 -7194
5709 -7193
5762 -7192
5814 -7191
5865 -7190
5915 -7189
5964 -7188
6012 -7187
6059 -7186
6105 -7185
6150 -7184
6194 -7183
6237 -7182
6279 -7181
6320 -7180
6360 -7179
6399 -7178
6437 -7177
6474 -7176
6510 -7175
6545 -7174
6579 -7173
6612 -7172
6644 -7171
6675 -7170
6705 -7169
6734 -7168
6762 -7167
6789 -7166
6815 -7165
6840 -7164
6864 -7163
6887 -7162
6909 -7161
6930 -7160
6950 -7159
6969 -7158
6987 -7157
7004 -7156
7020 -7155
7035 -7154
7049 -7153
7062 -7152
7074 -7151
7085 -7150
7095 -7149
7104 -7148
7112 -7147
7119 -7146
7125 -7145
7130 -7144
7134 -7143
7137 -7142
7139 -7141
7141 -7139
7142 -7137
7143 -7134
7144 -7130
7145 -7125
7146 -7119
7147 -7112
7148 -7104
7149 -7095
7150 -7085
7151 -7074
7152 -7062
7153 -7049
7154 -7035
7155 -7020
7156 -7004
7157 -6987
7158 -6969
7159 -6950
7160 -6930
7161 -6909
7162 -6887
7163 -6864
7164 -6840
7165 -6815
7166 -6789
7167 -6762
7168 -6734
7169 -6705
7170 -6675
7171 -6644
7172 -6612
7173 -6579
7174 -6545
7175 -6510
7176 -6474
7177 -6437
7178 -6399
7179 -6360
7180 -6320
7181 -6279
7182 -6237
7183 -6194
7184 -6150
7185 -6105
7186 -6059
7187 -6012
7188 -5964
7189 -5915
7190 -5865
7191 -5814
7192 -5762
7193 -5709
7194 -5655
7195 -5600
7196 -5544
7197 -5487
7198 -5429
7199 -5370
7200 -5310
7201 -5249
7202 -5187
7203 -5124
7204 -5060
7205 -4995
7206 -4929
7207 -4862
7208 -4794
7209 -4725
7210 -4655
7211 -4584
7212 -4512
7213 -4439
7214 -4365
7215 -4290
7216 -4214
7217 -4137
7218 -4059
7219 -3980
7220 -3900
7221 -3819
7222 -3737
7223 -3654
7224 -3570
7225 -3485
7226 -3399
7227 -3312
7228 -3224
7229 -3135
7230 -3045
7231 -2954
7232 -2862
7233 -2769
7234 -2675
7235 -2580
7236 -2484
7237 -2387
7238 -2289
7239 -2190
7240 -2090
7241 -1989
7242 -1887
7243 -1784
7244 -1680
7245 -1575
7246 -1469
7247 -1362
7248 -1254
7249 -1145
7250 -1035
7251 -924
7252 -812
7253 -699
7254 -585
7255 -470
7256 -354
7257 -237
7258 -119
7259 0
7258 119
7257 237
7256 354
7255 470
7254 585
7253 699
7252 812
7251 924
7250 1035
7249 1145
7248 1254
7247 1362
7246 1469
7245 1575
7244 1680
7243 1784
7242 1887
7241 1989
7240 2090
7239 2190
7238 2289
7237 2387
7236 2484
7235 2580
7234 2675
7233 2769
7232 2862
7231 2954
7230 3045
7229 3135
7228 3224
7227 3312
7226 3399
7225 3485
7224 3570
7223 3654
7222 3737
7221 3819
7220 3900
7219 3980
7218 4059
7217 4137
7216 4214
7215 4290
7214 4365
7213 4439
7212 4512
7211 4584
7210 4655
7209 4725
7208 4794
7207 4862
7206 4929
7205 4995
7204 5060
7203 5124
7202 5187
7201 5249
7200 5310
7199 5370
7198 5429
7197 5487
7196 5544
7195 5600
7194 5655
7193 5709
7192 5762
7191 5814
7190 5865
7189 5915
7188 5964
7187 6012
7186 6059
7185 6105
7184 6150
7183 6194
7182 6237
7181 6279
7180 6320
7179 6360
7178 6399
7177 6437
7176 6474
7175 6510
7174 6545
7173 6579
7172 6612
7171 6644
7170 6675
7169 6705
7168 6734
7167 6762
7166 6789
7165 6815
7164 6840
7163 6864
7162 6887
7161 6909
7160 6930
7159 6950
7158 6969
7157 6987
7156 7004
7155 7020
7154 7035
7153 7049
7152 7062
7151 7074
7150 7085
7149 7095
7148 7104
7147 7112
7146 7119
7145 7125
7144 7130
7143 7134
7142 7137
7141 7139
7139 7141
7137 7142
7134 7143
7130 7144
7125 7145
7119 7146
7112 7147
7104 7148
7095 7149
7085 7150
7074 7151
7062 7152
7049 7153
7035 7154
7020 7155
7004 7156
6987 7157
6969 7158
6950 7159
6930 7160
6909 7161
6887 7162
6864 7163
6840 7164
6815 7165
6789 7166
6762 7167
6734 7168
6705 7169
6675 7170
6644 7171
6612 7172
6579 7173
6545 7174
6510 7175
6474 7176
6437 7177
6399 7178
6360 7179
6320 7180
6279 7181
6237 7182
6194 7183
6150 7184
6105 7185
6059 7186
6012 7187
5964 7188
5915 7189
5865 7190
5814 7191
5762 7192
5709 7193
5655 7194
5600 7195
5544 7196
5487 7197
5429 7198
5370 7199
5310 7200
5249 7201
5187 7202
5124 7203
5060 7204
4995 7205
4929 7206
4862 7207
4794 7208
4725 7209
4655 7210
4584 7211
4512 7212
4439 7213
4365 7214
4290 7215
4214 7216
4137 7217
4059 7218
3980 7219
3900 7220
3819 7221
3737 7222
3654 7223
3570 7224
3485 7225
3399 7226
3312 7227
3224 7228
3135 7229
3045 7230
2954 7231
2862 7232
2769 7233
2675 7234
2580 7235
2484 7236
2387 7237
2289 7238
2190 7239
2090 7240
1989 7241
1887 7242
1784 7243
1680 7244
1575 7245
1469 7246
1362 7247
1254 7248
1145 7249
1035 7250
924 7251
812 7252
699 7253
585 7254
470 7255
354 7256
237 7257
119 7258
0 7259
-119 7258
-237 7257
-354 7256
-470 7255
-585 7254
-699 7253
-812 7252
-924 7251
-1035 7250
-1145 7249
-1254 7248
-1362 7247
-1469 7246
-1575 7245
-1680 7244
-1784 7243
-1887 7242
-1989 7241
-2090 7240
-2190 7239
-2289 7238
-2387 7237
-2484 7236
-2580 7235
-2675 7234
-2769 7233
-2862 7232
-2954 7231
-3045 7230
-3135 7229
-3224 7228
-3312 7227
-3399 7226
-3485 7225
-3570 7224
-3654 7223
-3737 7222
-3819 7221
-3900 7220
-3980 7219
-4059 7218
-4137 7217
-4214 7216
-4290 7215
-4365 7214
-4439 7213
-4512 7212
-4584 7211
-4655 7210
-4725 7209
-4794 7208
-4862 7207
-4929 7206
-4995 7205
-5060 7204
-5124 7203
-5187 7202
-5249 7201
-5310 7200
-5370 7199
-5429 7198
-5487 7197
-5544 7196
-5600 7195
-5655 7194
-5709 7193
-5762 7192
-5814 7191
-5865 7190
-5915 7189
-5964 7188
-6012 7187
-6059 7186
-6105 7185
-6150 7184
-6194 7183
-6237 7182
-6279 7181
-6320 7180
-6360 7179
-6399 7178
-6437 7177
-6474 7176
-6510 7175
-6545 7174
-6579 7173
-6612 7172
-6644 7171
-6675 7170
-6705 7169
-6734 7168
-6762 7167
-6789 7166
-6815 7165
-6840 7164
-6864 7163
-6887 7162
-6909 7161
-6930 7160
-6950 7159
-6969 7158
-6987 7157
-7004 7156
-7020 7155
-7035 7154
-7049 7153
-7062 7152
-7074 7151
-7085 7150
-7095 7149
-7104 7148
-7112 7147
-7119 7146
-7125 7145
-7130 7144
21 5 7 11
-9995 8766
-9976 -1749
-9951 -8180
-9751 -9660
-9708 -9887
-9214 -9993
3698 -9997
4892 -9991
8733 -9931
9579 -9907
9957 -9854
9997 -4331
10000 1450
9997 5842
9979 9462
9267 9987
9199 10000
-6413 9997
-9617 9961
-9839 9907
-9906 9741
20 7 16 19
-9983 9031
-10000 1280
-9995 -8054
-9971 -8624
-9884 -9978
-9531 -9982
-6554 -9999
5723 -9995
8763 -9957
9383 -9881
9939 -9749
9999 -6237
9992 9143
9931 9867
9358 9977
3696 9993
-5318 10000
-9406 9982
-9772 9758
-9886 9403
25 14 15 20
-9994 9400
-9997 3221
-10000 -3346
-9992 -6888
-9986 -9195
-9928 -9845
-8378 -9957
-6379 -9994
1784 -10000
9134 -9995
9312 -9982
9617 -9958
9967 -9889
9985 -9728
9997 -8050
10000 9577
9997 9600
9943 9902
9903 9912
8712 10000
1224 9998
-5840 9993
-9208 9980
-9772 9971
-9961 9627
18 14 15 16
-9790 9842
-9935 8577
-9998 2645
-9938 -7504
-9918 -9957
-5957 -9975
2956 -9996
9220 -9984
9611 -9653
9876 -8631
9963 -5539
9969 -3381
9980 9768
9847 9834
8773 9891
6218 9978
6105 9981
1496 9957
23 2 8 20
-8659 9987
-9741 9960
-9981 9820
-9997 6207
-10000 3717
-9995 -8871
-9891 -9626
-9738 -9897
-9387 -9968
-7728 -9996
5864 -9997
7227 -9991
9228 -9979
9806 -9946
9949 -9039
9992 -7792
9999 -6924
9992 7283
9985 9234
9953 9808
9895 9975
9297 9984
-1674 9988
4 2 3 4
9705 -532
9425 4275
-3524 9960
5692 -5301
6 1 5 6
3785 -8366
9913 -6891
9798 5332
256 9625
-9049 2658
-9298 904
6 2 3 6
-8563 -9028
1075 -9029
9941 -3165
8411 5934
-796 8857
-8079 9530
3 1 2 3
-8662 -7405
-4020 9579
-9490 -4042
10 1 3 6
-9611 7401
-9698 4764
-9963 -5802
-5290 -9317
-2395 -9982
5739 -9783
8632 -5298
8833 9830
6247 9842
-7768 9436
0 0 0 0
