100.000000000000000
49.442719099991588
110432.056157474922564
18830.442422880611488
9136138.332462234030572
9833322.224361806779598
3348169.451715051738347
0.000000000000008
1424604.388664093175407
0.000000000000012
19242230.581895498648009
67542724.425766717307852
1302774.000000000000000
79320346.694124840578297
1186414.999999999997385
0.000000000000199
100516266.405742311901122
17156503.212051299447921
1181692.057887718219717
59840283.278892752146930
408284.783298101567368
58101793.013884842992411
