4 1 2 3
10 10
-10 10
-10 -10
10 -10
3 1 2 3
-10 -10
10 -10
0 10
948 106 542 651
-7211 4584
-7212 4512
-7213 4439
-7214 4365
-7215 4290
-7216 4214
-7217 4137
-7218 4059
-7219 3980
-7220 3900
-7221 3819
-7222 3737
-7223 3654
-7224 3570
-7225 3485
-7226 3399
-7227 3312
-7228 3224
-7229 3135
-7230 3045
-7231 2954
-7232 2862
-7233 2769
-7234 2675
-7235 2580
-7236 2484
-7237 2387
-7238 2289
-7239 2190
-7240 2090
-7241 1989
-7242 1887
-7243 1784
-7244 1680
-7245 1575
-7246 1469
-7247 1362
-7248 1254
-7249 1145
-7250 1035
-7251 924
-7252 812
-7253 699
-7254 585
-7255 470
-7256 354
-7257 237
-7258 119
-7259 0
-7258 -119
-7257 -237
-7256 -354
-7255 -470
-7254 -585
-7253 -699
-7252 -812
-7251 -924
-7250 -1035
-7249 -1145
-7248 -1254
-7247 -1362
-7246 -1469
-7245 -1575
-7244 -1680
-7243 -1784
-7242 -1887
-7241 -1989
-7240 -2090
-7239 -2190
-7238 -2289
-7237 -2387
-7236 -2484
-7235 -2580
-7234 -2675
-7233 -2769
-7232 -2862
-7231 -2954
-7230 -3045
-7229 -3135
-7228 -3224
-7227 -3312
-7226 -3399
-7225 -3485
-7224 -3570
-7223 -3654
-7222 -3737
-7221 -3819
-7220 -3900
-7219 -3980
-7218 -4059
-7217 -4137
-7216 -4214
-7215 -4290
-7214 -4365
-7213 -4439
-7212 -4512
-7211 -4584
-7210 -4655
-7209 -4725
-7208 -4794
-7207 -4862
-7206 -4929
-7205 -4995
-7204 -5060
-7203 -5124
-7202 -5187
-7201 -5249
-7200 -5310
-7199 -5370
-7198 -5429
-7197 -5487
-7196 -5544
-7195 -5600
-7194 -5655
-7193 -5709
-7192 -5762
-7191 -5814
-7190 -5865
-7189 -5915
-7188 -5964
-7187 -6012
-7186 -6059
-7185 -6105
-7184 -6150
-7183 -6194
-7182 -6237
-7181 -6279
-7180 -6320
-7179 -6360
-7178 -6399
-7177 -6437
-7176 -6474
-7175 -6510
-7174 -6545
-7173 -6579
-7172 -6612
-7171 -6644
-7170 -6675
-7169 -6705
-7168 -6734
-7167 -6762
-7166 -6789
-7165 -6815
-7164 -6840
-7163 -6864
-7162 -6887
-7161 -6909
-7160 -6930
-7159 -6950
-7158 -6969
-7157 -6987
-7156 -7004
-7155 -7020
-7154 -7035
-7153 -7049
-7152 -7062
-7151 -7074
-7150 -7085
-7149 -7095
-7148 -7104
-7147 -7112
-7146 -7119
-7145 -7125
-7144 -7130
-7143 -7134
-7142 -7137
-7141 -7139
-7139 -7141
-7137 -7142
-7134 -7143
-7130 -7144
-7125 -7145
-7119 -7146
-7112 -7147
-7104 -7148
-7095 -7149
-7085 -7150
-7074 -7151
-7062 -7152
-7049 -7153
-7035 -7154
-7020 -7155
-7004 -7156
-6987 -7157
-6969 -7158
-6950 -7159
-6930 -7160
-6909 -7161
-6887 -7162
-6864 -7163
-6840 -7164
-6815 -7165
-6789 -7166
-6762 -7167
-6734 -7168
-6705 -7169
-6675 -7170
-6644 -7171
-6612 -7172
-6579 -7173
-6545 -7174
-6510 -7175
-6474 -7176
-6437 -7177
-6399 -7178
-6360 -7179
-6320 -7180
-6279 -7181
-6237 -7182
-6194 -7183
-6150 -7184
-6105 -7185
-6059 -7186
-6012 -7187
-5964 -7188
-5915 -7189
-5865 -7190
-5814 -7191
-5762 -7192
-5709 -7193
-5655 -7194
-5600 -7195
-5544 -7196
-5487 -7197
-5429 -7198
-5370 -7199
-5310 -7200
-5249 -7201
-5187 -7202
-5124 -7203
-5060 -7204
-4995 -7205
-4929 -7206
-4862 -7207
-4794 -7208
-4725 -7209
-4655 -7210
-4584 -7211
-4512 -7212
-4439 -7213
-4365 -7214
-4290 -7215
-4214 -7216
-4137 -7217
-4059 -7218
-3980 -7219
-3900 -7220
-3819 -7221
-3737 -7222
-3654 -7223
-3570 -7224
-3485 -7225
-3399 -7226
-3312 -7227
-3224 -7228
-3135 -7229
-3045 -7230
-2954 -7231
-2862 -7232
-2769 -7233
-2675 -7234
-2580 -7235
-2484 -7236
-2387 -7237
-2289 -7238
-2190 -7239
-2090 -7240
-1989 -7241
-1887 -7242
-1784 -7243
-1680 -7244
-1575 -7245
-1469 -7246
-1362 -7247
-1254 -7248
-1145 -7249
-1035 -7250
-924 -7251
-812 -7252
-699 -7253
-585 -7254
-470 -7255
-354 -7256
-237 -7257
-119 -7258
0 -7259
119 -7258
237 -7257
354 -7256
470 -7255
585 -7254
699 -7253
812 -7252
924 -7251
1035 -7250
1145 -7249
1254 -7248
1362 -7247
1469 -7246
1575 -7245
1680 -7244
1784 -7243
1887 -7242
1989 -7241
2090 -7240
2190 -7239
2289 -7238
2387 -7237
2484 -7236
2580 -7235
2675 -7234
2769 -7233
2862 -7232
2954 -7231
3045 -7230
3135 -7229
3224 -7228
3312 -7227
3399 -7226
3485 -7225
3570 -7224
3654 -7223
3737 -7222
3819 -7221
3900 -7220
3980 -7219
4059 -7218
4137 -7217
4214 -7216
4290 -7215
4365 -7214
4439 -7213
4512 -7212
4584 -7211
4655 -7210
4725 -7209
4794 -7208
4862 -7207
4929 -7206
4995 -7205
5060 -7204
5124 -7203
5187 -7202
5249 -7201
5310 -7200
5370 -7199
5429 -7198
5487 -7197
5544 -7196
5600 -7195
5655 -7194
5709 -7193
5762 -7192
5814 -7191
5865 -7190
5915 -7189
5964 -7188
6012 -7187
6059 -7186
6105 -7185
6150 -7184
6194 -7183
6237 -7182
6279 -7181
6320 -7180
6360 -7179
6399 -7178
6437 -7177
6474 -7176
6510 -7175
6545 -7174
6579 -7173
6612 -7172
6644 -7171
6675 -7170
6705 -7169
6734 -7168
6762 -7167
6789 -7166
6815 -7165
6840 -7164
6864 -7163
6887 -7162
6909 -7161
6930 -7160
6950 -7159
6969 -7158
6987 -7157
7004 -7156
7020 -7155
7035 -7154
7049 -7153
7062 -7152
7074 -7151
7085 -7150
7095 -7149
7104 -7148
7112 -7147
7119 -7146
7125 -7145
7130 -7144
7134 -7143
7137 -7142
7139 -7141
7141 -7139
7142 -7137
7143 -7134
7144 -7130
7145 -7125
7146 -7119
7147 -7112
7148 -7104
7149 -7095
7150 -7085
7151 -7074
7152 -7062
7153 -7049
7154 -7035
7155 -7020
7156 -7004
7157 -6987
7158 -6969
7159 -6950
7160 -6930
7161 -6909
7162 -6887
7163 -6864
7164 -6840
7165 -6815
7166 -6789
7167 -6762
7168 -6734
7169 -6705
7170 -6675
7171 -6644
7172 -6612
7173 -6579
7174 -6545
7175 -6510
7176 -6474
7177 -6437
7178 -6399
7179 -6360
7180 -6320
7181 -6279
7182 -6237
7183 -6194
7184 -6150
7185 -6105
7186 -6059
7187 -6012
7188 -5964
7189 -5915
7190 -5865
7191 -5814
7192 -5762
7193 -5709
7194 -5655
7195 -5600
7196 -5544
7197 -5487
7198 -5429
7199 -5370
7200 -5310
7201 -5249
7202 -5187
7203 -5124
7204 -5060
7205 -4995
7206 -4929
7207 -4862
7208 -4794
7209 -4725
7210 -4655
7211 -4584
7212 -4512
7213 -4439
7214 -4365
7215 -4290
7216 -4214
7217 -4137
7218 -4059
7219 -3980
7220 -3900
7221 -3819
7222 -3737
7223 -3654
7224 -3570
7225 -3485
7226 -3399
7227 -3312
7228 -3224
7229 -3135
7230 -3045
7231 -2954
7232 -2862
7233 -2769
7234 -2675
7235 -2580
7236 -2484
7237 -2387
7238 -2289
7239 -2190
7240 -2090
7241 -1989
7242 -1887
7243 -1784
7244 -1680
7245 -1575
7246 -1469
7247 -1362
7248 -1254
7249 -1145
7250 -1035
7251 -924
7252 -812
7253 -699
7254 -585
7255 -470
7256 -354
7257 -237
7258 -119
7259 0
7258 119
7257 237
7256 354
7255 470
7254 585
7253 699
7252 812
7251 924
7250 1035
7249 1145
7248 1254
7247 1362
7246 1469
7245 1575
7244 1680
7243 1784
7242 1887
7241 1989
7240 2090
7239 2190
7238 2289
7237 2387
7236 2484
7235 2580
7234 2675
7233 2769
7232 2862
7231 2954
7230 3045
7229 3135
7228 3224
7227 3312
7226 3399
7225 3485
7224 3570
7223 3654
7222 3737
7221 3819
7220 3900
7219 3980
7218 4059
7217 4137
7216 4214
7215 4290
7214 4365
7213 4439
7212 4512
7211 4584
7210 4655
7209 4725
7208 4794
7207 4862
7206 4929
7205 4995
7204 5060
7203 5124
7202 5187
7201 5249
7200 5310
7199 5370
7198 5429
7197 5487
7196 5544
7195 5600
7194 5655
7193 5709
7192 5762
7191 5814
7190 5865
7189 5915
7188 5964
7187 6012
7186 6059
7185 6105
7184 6150
7183 6194
7182 6237
7181 6279
7180 6320
7179 6360
7178 6399
7177 6437
7176 6474
7175 6510
7174 6545
7173 6579
7172 6612
7171 6644
7170 6675
7169 6705
7168 6734
7167 6762
7166 6789
7165 6815
7164 6840
7163 6864
7162 6887
7161 6909
7160 6930
7159 6950
7158 6969
7157 6987
7156 7004
7155 7020
7154 7035
7153 7049
7152 7062
7151 7074
7150 7085
7149 7095
7148 7104
7147 7112
7146 7119
7145 7125
7144 7130
7143 7134
7142 7137
7141 7139
7139 7141
7137 7142
7134 7143
7130 7144
7125 7145
7119 7146
7112 7147
7104 7148
7095 7149
7085 7150
7074 7151
7062 7152
7049 7153
7035 7154
7020 7155
7004 7156
6987 7157
6969 7158
6950 7159
6930 7160
6909 7161
6887 7162
6864 7163
6840 7164
6815 7165
6789 7166
6762 7167
6734 7168
6705 7169
6675 7170
6644 7171
6612 7172
6579 7173
6545 7174
6510 7175
6474 7176
6437 7177
6399 7178
6360 7179
6320 7180
6279 7181
6237 7182
6194 7183
6150 7184
6105 7185
6059 7186
6012 7187
5964 7188
5915 7189
5865 7190
5814 7191
5762 7192
5709 7193
5655 7194
5600 7195
5544 7196
5487 7197
5429 7198
5370 7199
5310 7200
5249 7201
5187 7202
5124 7203
5060 7204
4995 7205
4929 7206
4862 7207
4794 7208
4725 7209
4655 7210
4584 7211
4512 7212
4439 7213
4365 7214
4290 7215
4214 7216
4137 7217
4059 7218
3980 7219
3900 7220
3819 7221
3737 7222
3654 7223
3570 7224
3485 7225
3399 7226
3312 7227
3224 7228
3135 7229
3045 7230
2954 7231
2862 7232
2769 7233
2675 7234
2580 7235
2484 7236
2387 7237
2289 7238
2190 7239
2090 7240
1989 7241
1887 7242
1784 7243
1680 7244
1575 7245
1469 7246
1362 7247
1254 7248
1145 7249
1035 7250
924 7251
812 7252
699 7253
585 7254
470 7255
354 7256
237 7257
119 7258
0 7259
-119 7258
-237 7257
-354 7256
-470 7255
-585 7254
-699 7253
-812 7252
-924 7251
-1035 7250
-1145 7249
-1254 7248
-1362 7247
-1469 7246
-1575 7245
-1680 7244
-1784 7243
-1887 7242
-1989 7241
-2090 7240
-2190 7239
-2289 7238
-2387 7237
-2484 7236
-2580 7235
-2675 7234
-2769 7233
-2862 7232
-2954 7231
-3045 7230
-3135 7229
-3224 7228
-3312 7227
-3399 7226
-3485 7225
-3570 7224
-3654 7223
-3737 7222
-3819 7221
-3900 7220
-3980 7219
-4059 7218
-4137 7217
-4214 7216
-4290 7215
-4365 7214
-4439 7213
-4512 7212
-4584 7211
-4655 7210
-4725 7209
-4794 7208
-4862 7207
-4929 7206
-4995 7205
-5060 7204
-5124 7203
-5187 7202
-5249 7201
-5310 7200
-5370 7199
-5429 7198
-5487 7197
-5544 7196
-5600 7195
-5655 7194
-5709 7193
-5762 7192
-5814 7191
-5865 7190
-5915 7189
-5964 7188
-6012 7187
-6059 7186
-6105 7185
-6150 7184
-6194 7183
-6237 7182
-6279 7181
-6320 7180
-6360 7179
-6399 7178
-6437 7177
-6474 7176
-6510 7175
-6545 7174
-6579 7173
-6612 7172
-6644 7171
-6675 7170
-6705 7169
-6734 7168
-6762 7167
-6789 7166
-6815 7165
-6840 7164
-6864 7163
-6887 7162
-6909 7161
-6930 7160
-6950 7159
-6969 7158
-6987 7157
-7004 7156
-7020 7155
-7035 7154
-7049 7153
-7062 7152
-7074 7151
-7085 7150
-7095 7149
-7104 7148
-7112 7147
-7119 7146
-7125 7145
-7130 7144
-7134 7143
-7137 7142
-7139 7141
-7141 7139
-7142 7137
-7143 7134
-7144 7130
-7145 7125
-7146 7119
-7147 7112
-7148 7104
-7149 7095
-7150 7085
-7151 7074
-7152 7062
-7153 7049
-7154 7035
-7155 7020
-7156 7004
-7157 6987
-7158 6969
-7159 6950
-7160 6930
-7161 6909
-7162 6887
-7163 6864
-7164 6840
-7165 6815
-7166 6789
-7167 6762
-7168 6734
-7169 6705
-7170 6675
-7171 6644
-7172 6612
-7173 6579
-7174 6545
-7175 6510
-7176 6474
-7177 6437
-7178 6399
-7179 6360
-7180 6320
-7181 6279
-7182 6237
-7183 6194
-7184 6150
-7185 6105
-7186 6059
-7187 6012
-7188 5964
-7189 5915
-7190 5865
-7191 5814
-7192 5762
-7193 5709
-7194 5655
-7195 5600
-7196 5544
-7197 5487
-7198 5429
-7199 5370
-7200 5310
-7201 5249
-7202 5187
-7203 5124
-7204 5060
-7205 4995
-7206 4929
-7207 4862
-7208 4794
-7209 4725
-7210 4655
948 96 718 876
-3485 -7225
-3399 -7226
-3312 -7227
-3224 -7228
-3135 -7229
-3045 -7230
-2954 -7231
-2862 -7232
-2769 -7233
-2675 -7234
-2580 -7235
-2484 -7236
-2387 -7237
-2289 -7238
-2190 -7239
-2090 -7240
-1989 -7241
-1887 -7242
-1784 -7243
-1680 -7244
-1575 -7245
-1469 -7246
-1362 -7247
-1254 -7248
-1145 -7249
-1035 -7250
-924 -7251
-812 -7252
-699 -7253
-585 -7254
-470 -7255
-354 -7256
-237 -7257
-119 -7258
0 -7259
119 -7258
237 -7257
354 -7256
470 -7255
585 -7254
699 -7253
812 -7252
924 -7251
1035 -7250
1145 -7249
1254 -7248
1362 -7247
1469 -7246
1575 -7245
1680 -7244
1784 -7243
1887 -7242
1989 -7241
2090 -7240
2190 -7239
2289 -7238
2387 -7237
2484 -7236
2580 -7235
2675 -7234
2769 -7233
2862 -7232
2954 -7231
3045 -7230
3135 -7229
3224 -7228
3312 -7227
3399 -7226
3485 -7225
3570 -7224
3654 -7223
3737 -7222
3819 -7221
3900 -7220
3980 -7219
4059 -7218
4137 -7217
4214 -7216
4290 -7215
4365 -7214
4439 -7213
4512 -7212
4584 -7211
4655 -7210
4725 -7209
4794 -7208
4862 -7207
4929 -7206
4995 -7205
5060 -7204
5124 -7203
5187 -7202
5249 -7201
5310 -7200
5370 -7199
5429 -7198
5487 -7197
5544 -7196
5600 -7195
5655 -7194
5709 -7193
5762 -7192
5814 -7191
5865 -7190
5915 -7189
5964 -7188
6012 -7187
6059 -7186
6105 -7185
6150 -7184
6194 -7183
6237 -7182
6279 -7181
6320 -7180
6360 -7179
6399 -7178
6437 -7177
6474 -7176
6510 -7175
6545 -7174
6579 -7173
6612 -7172
6644 -7171
6675 -7170
6705 -7169
6734 -7168
6762 -7167
6789 -7166
6815 -7165
6840 -7164
6864 -7163
6887 -7162
6909 -7161
6930 -7160
6950 -7159
6969 -7158
6987 -7157
7004 -7156
7020 -7155
7035 -7154
7049 -7153
7062 -7152
7074 -7151
7085 -7150
7095 -7149
7104 -7148
7112 -7147
7119 -7146
7125 -7145
7130 -7144
7134 -7143
7137 -7142
7139 -7141
7141 -7139
7142 -7137
7143 -7134
7144 -7130
7145 -7125
7146 -7119
7147 -7112
7148 -7104
7149 -7095
7150 -7085
7151 -7074
7152 -7062
7153 -7049
7154 -7035
7155 -7020
7156 -7004
7157 -6987
7158 -6969
7159 -6950
7160 -6930
7161 -6909
7162 -6887
7163 -6864
7164 -6840
7165 -6815
7166 -6789
7167 -6762
7168 -6734
7169 -6705
7170 -6675
7171 -6644
7172 -6612
7173 -6579
7174 -6545
7175 -6510
7176 -6474
7177 -6437
7178 -6399
7179 -6360
7180 -6320
7181 -6279
7182 -6237
7183 -6194
7184 -6150
7185 -6105
7186 -6059
7187 -6012
7188 -5964
7189 -5915
7190 -5865
7191 -5814
7192 -5762
7193 -5709
7194 -5655
7195 -5600
7196 -5544
7197 -5487
7198 -5429
7199 -5370
7200 -5310
7201 -5249
7202 -5187
7203 -5124
7204 -5060
7205 -4995
7206 -4929
7207 -4862
7208 -4794
7209 -4725
7210 -4655
7211 -4584
7212 -4512
7213 -4439
7214 -4365
7215 -4290
7216 -4214
7217 -4137
7218 -4059
7219 -3980
7220 -3900
7221 -3819
7222 -3737
7223 -3654
7224 -3570
7225 -3485
7226 -3399
7227 -3312
7228 -3224
7229 -3135
7230 -3045
7231 -2954
7232 -2862
7233 -2769
7234 -2675
7235 -2580
7236 -2484
7237 -2387
7238 -2289
7239 -2190
7240 -2090
7241 -1989
7242 -1887
7243 -1784
7244 -1680
7245 -1575
7246 -1469
7247 -1362
7248 -1254
7249 -1145
7250 -1035
7251 -924
7252 -812
7253 -699
7254 -585
7255 -470
7256 -354
7257 -237
7258 -119
7259 0
7258 119
7257 237
7256 354
7255 470
7254 585
7253 699
7252 812
7251 924
7250 1035
7249 1145
7248 1254
7247 1362
7246 1469
7245 1575
7244 1680
7243 1784
7242 1887
7241 1989
7240 2090
7239 2190
7238 2289
7237 2387
7236 2484
7235 2580
7234 2675
7233 2769
7232 2862
7231 2954
7230 3045
7229 3135
7228 3224
7227 3312
7226 3399
7225 3485
7224 3570
7223 3654
7222 3737
7221 3819
7220 3900
7219 3980
7218 4059
7217 4137
7216 4214
7215 4290
7214 4365
7213 4439
7212 4512
7211 4584
7210 4655
7209 4725
7208 4794
7207 4862
7206 4929
7205 4995
7204 5060
7203 5124
7202 5187
7201 5249
7200 5310
7199 5370
7198 5429
7197 5487
7196 5544
7195 5600
7194 5655
7193 5709
7192 5762
7191 5814
7190 5865
7189 5915
7188 5964
7187 6012
7186 6059
7185 6105
7184 6150
7183 6194
7182 6237
7181 6279
7180 6320
7179 6360
7178 6399
7177 6437
7176 6474
7175 6510
7174 6545
7173 6579
7172 6612
7171 6644
7170 6675
7169 6705
7168 6734
7167 6762
7166 6789
7165 6815
7164 6840
7163 6864
7162 6887
7161 6909
7160 6930
7159 6950
7158 6969
7157 6987
7156 7004
7155 7020
7154 7035
7153 7049
7152 7062
7151 7074
7150 7085
7149 7095
7148 7104
7147 7112
7146 7119
7145 7125
7144 7130
7143 7134
7142 7137
7141 7139
7139 7141
7137 7142
7134 7143
7130 7144
7125 7145
7119 7146
7112 7147
7104 7148
7095 7149
7085 7150
7074 7151
7062 7152
7049 7153
7035 7154
7020 7155
7004 7156
6987 7157
6969 7158
6950 7159
6930 7160
6909 7161
6887 7162
6864 7163
6840 7164
6815 7165
6789 7166
6762 7167
6734 7168
6705 7169
6675 7170
6644 7171
6612 7172
6579 7173
6545 7174
6510 7175
6474 7176
6437 7177
6399 7178
6360 7179
6320 7180
6279 7181
6237 7182
6194 7183
6150 7184
6105 7185
6059 7186
6012 7187
5964 7188
5915 7189
5865 7190
5814 7191
5762 7192
5709 7193
5655 7194
5600 7195
5544 7196
5487 7197
5429 7198
5370 7199
5310 7200
5249 7201
5187 7202
5124 7203
5060 7204
4995 7205
4929 7206
4862 7207
4794 7208
4725 7209
4655 7210
4584 7211
4512 7212
4439 7213
4365 7214
4290 7215
4214 7216
4137 7217
4059 7218
3980 7219
3900 7220
3819 7221
3737 7222
3654 7223
3570 7224
3485 7225
3399 7226
3312 7227
3224 7228
3135 7229
3045 7230
2954 7231
2862 7232
2769 7233
2675 7234
2580 7235
2484 7236
2387 7237
2289 7238
2190 7239
2090 7240
1989 7241
1887 7242
1784 7243
1680 7244
1575 7245
1469 7246
1362 7247
1254 7248
1145 7249
1035 7250
924 7251
812 7252
699 7253
585 7254
470 7255
354 7256
237 7257
119 7258
0 7259
-119 7258
-237 7257
-354 7256
-470 7255
-585 7254
-699 7253
-812 7252
-924 7251
-1035 7250
-1145 7249
-1254 7248
-1362 7247
-1469 7246
-1575 7245
-1680 7244
-1784 7243
-1887 7242
-1989 7241
-2090 7240
-2190 7239
-2289 7238
-2387 7237
-2484 7236
-2580 7235
-2675 7234
-2769 7233
-2862 7232
-2954 7231
-3045 7230
-3135 7229
-3224 7228
-3312 7227
-3399 7226
-3485 7225
-3570 7224
-3654 7223
-3737 7222
-3819 7221
-3900 7220
-3980 7219
-4059 7218
-4137 7217
-4214 7216
-4290 7215
-4365 7214
-4439 7213
-4512 7212
-4584 7211
-4655 7210
-4725 7209
-4794 7208
-4862 7207
-4929 7206
-4995 7205
-5060 7204
-5124 7203
-5187 7202
-5249 7201
-5310 7200
-5370 7199
-5429 7198
-5487 7197
-5544 7196
-5600 7195
-5655 7194
-5709 7193
-5762 7192
-5814 7191
-5865 7190
-5915 7189
-5964 7188
-6012 7187
-6059 7186
-6105 7185
-6150 7184
-6194 7183
-6237 7182
-6279 7181
-6320 7180
-6360 7179
-6399 7178
-6437 7177
-6474 7176
-6510 7175
-6545 7174
-6579 7173
-6612 7172
-6644 7171
-6675 7170
-6705 7169
-6734 7168
-6762 7167
-6789 7166
-6815 7165
-6840 7164
-6864 7163
-6887 7162
-6909 7161
-6930 7160
-6950 7159
-6969 7158
-6987 7157
-7004 7156
-7020 7155
-7035 7154
-7049 7153
-7062 7152
-7074 7151
-7085 7150
-7095 7149
-7104 7148
-7112 7147
-7119 7146
-7125 7145
-7130 7144
-7134 7143
-7137 7142
-7139 7141
-7141 7139
-7142 7137
-7143 7134
-7144 7130
-7145 7125
-7146 7119
-7147 7112
-7148 7104
-7149 7095
-7150 7085
-7151 7074
-7152 7062
-7153 7049
-7154 7035
-7155 7020
-7156 7004
-7157 6987
-7158 6969
-7159 6950
-7160 6930
-7161 6909
-7162 6887
-7163 6864
-7164 6840
-7165 6815
-7166 6789
-7167 6762
-7168 6734
-7169 6705
-7170 6675
-7171 6644
-7172 6612
-7173 6579
-7174 6545
-7175 6510
-7176 6474
-7177 6437
-7178 6399
-7179 6360
-7180 6320
-7181 6279
-7182 6237
-7183 6194
-7184 6150
-7185 6105
-7186 6059
-7187 6012
-7188 5964
-7189 5915
-7190 5865
-7191 5814
-7192 5762
-7193 5709
-7194 5655
-7195 5600
-7196 5544
-7197 5487
-7198 5429
-7199 5370
-7200 5310
-7201 5249
-7202 5187
-7203 5124
-7204 5060
-7205 4995
-7206 4929
-7207 4862
-7208 4794
-7209 4725
-7210 4655
-7211 4584
-7212 4512
-7213 4439
-7214 4365
-7215 4290
-7216 4214
-7217 4137
-7218 4059
-7219 3980
-7220 3900
-7221 3819
-7222 3737
-7223 3654
-7224 3570
-7225 3485
-7226 3399
-7227 3312
-7228 3224
-7229 3135
-7230 3045
-7231 2954
-7232 2862
-7233 2769
-7234 2675
-7235 2580
-7236 2484
-7237 2387
-7238 2289
-7239 2190
-7240 2090
-7241 1989
-7242 1887
-7243 1784
-7244 1680
-7245 1575
-7246 1469
-7247 1362
-7248 1254
-7249 1145
-7250 1035
-7251 924
-7252 812
-7253 699
-7254 585
-7255 470
-7256 354
-7257 237
-7258 119
-7259 0
-7258 -119
-7257 -237
-7256 -354
-7255 -470
-7254 -585
-7253 -699
-7252 -812
-7251 -924
-7250 -1035
-7249 -1145
-7248 -1254
-7247 -1362
-7246 -1469
-7245 -1575
-7244 -1680
-7243 -1784
-7242 -1887
-7241 -1989
-7240 -2090
-7239 -2190
-7238 -2289
-7237 -2387
-7236 -2484
-7235 -2580
-7234 -2675
-7233 -2769
-7232 -2862
-7231 -2954
-7230 -3045
-7229 -3135
-7228 -3224
-7227 -3312
-7226 -3399
-7225 -3485
-7224 -3570
-7223 -3654
-7222 -3737
-7221 -3819
-7220 -3900
-7219 -3980
-7218 -4059
-7217 -4137
-7216 -4214
-7215 -4290
-7214 -4365
-7213 -4439
-7212 -4512
-7211 -4584
-7210 -4655
-7209 -4725
-7208 -4794
-7207 -4862
-7206 -4929
-7205 -4995
-7204 -5060
-7203 -5124
-7202 -5187
-7201 -5249
-7200 -5310
-7199 -5370
-7198 -5429
-7197 -5487
-7196 -5544
-7195 -5600
-7194 -5655
-7193 -5709
-7192 -5762
-7191 -5814
-7190 -5865
-7189 -5915
-7188 -5964
-7187 -6012
-7186 -6059
-7185 -6105
-7184 -6150
-7183 -6194
-7182 -6237
-7181 -6279
-7180 -6320
-7179 -6360
-7178 -6399
-7177 -6437
-7176 -6474
-7175 -6510
-7174 -6545
-7173 -6579
-7172 -6612
-7171 -6644
-7170 -6675
-7169 -6705
-7168 -6734
-7167 -6762
-7166 -6789
-7165 -6815
-7164 -6840
-7163 -6864
-7162 -6887
-7161 -6909
-7160 -6930
-7159 -6950
-7158 -6969
-7157 -6987
-7156 -7004
-7155 -7020
-7154 -7035
-7153 -7049
-7152 -7062
-7151 -7074
-7150 -7085
-7149 -7095
-7148 -7104
-7147 -7112
-7146 -7119
-7145 -7125
-7144 -7130
-7143 -7134
-7142 -7137
-7141 -7139
-7139 -7141
-7137 -7142
-7134 -7143
-7130 -7144
-7125 -7145
-7119 -7146
-7112 -7147
-7104 -7148
-7095 -7149
-7085 -7150
-7074 -7151
-7062 -7152
-7049 -7153
-7035 -7154
-7020 -7155
-7004 -7156
-6987 -7157
-6969 -7158
-6950 -7159
-6930 -7160
-6909 -7161
-6887 -7162
-6864 -7163
-6840 -7164
-6815 -7165
-6789 -7166
-6762 -7167
-6734 -7168
-6705 -7169
-6675 -7170
-6644 -7171
-6612 -7172
-6579 -7173
-6545 -7174
-6510 -7175
-6474 -7176
-6437 -7177
-6399 -7178
-6360 -7179
-6320 -7180
-6279 -7181
-6237 -7182
-6194 -7183
-6150 -7184
-6105 -7185
-6059 -7186
-6012 -7187
-5964 -7188
-5915 -7189
-5865 -7190
-5814 -7191
-5762 -7192
-5709 -7193
-5655 -7194
-5600 -7195
-5544 -7196
-5487 -7197
-5429 -7198
-5370 -7199
-5310 -7200
-5249 -7201
-5187 -7202
-5124 -7203
-5060 -7204
-4995 -7205
-4929 -7206
-4862 -7207
-4794 -7208
-4725 -7209
-4655 -7210
-4584 -7211
-4512 -7212
-4439 -7213
-4365 -7214
-4290 -7215
-4214 -7216
-4137 -7217
-4059 -7218
-3980 -7219
-3900 -7220
-3819 -7221
-3737 -7222
-3654 -7223
-3570 -7224
948 559 580 731
-2954 -7231
-2862 -7232
-2769 -7233
-2675 -7234
-2580 -7235
-2484 -7236
-2387 -7237
-2289 -7238
-2190 -7239
-2090 -7240
-1989 -7241
-1887 -7242
-1784 -7243
-1680 -7244
-1575 -7245
-1469 -7246
-1362 -7247
-1254 -7248
-1145 -7249
-1035 -7250
-924 -7251
-812 -7252
-699 -7253
-585 -7254
-470 -7255
-354 -7256
-237 -7257
-119 -7258
0 -7259
119 -7258
237 -7257
354 -7256
470 -7255
585 -7254
699 -7253
812 -7252
924 -7251
1035 -7250
1145 -7249
1254 -7248
1362 -7247
1469 -7246
1575 -7245
1680 -7244
1784 -7243
1887 -7242
1989 -7241
2090 -7240
2190 -7239
2289 -7238
2387 -7237
2484 -7236
2580 -7235
2675 -7234
2769 -7233
2862 -7232
2954 -7231
3045 -7230
3135 -7229
3224 -7228
3312 -7227
3399 -7226
3485 -7225
3570 -7224
3654 -7223
3737 -7222
3819 -7221
3900 -7220
3980 -7219
4059 -7218
4137 -7217
4214 -7216
4290 -7215
4365 -7214
4439 -7213
4512 -7212
4584 -7211
4655 -7210
4725 -7209
4794 -7208
4862 -7207
4929 -7206
4995 -7205
5060 -7204
5124 -7203
5187 -7202
5249 -7201
5310 -7200
5370 -7199
5429 -7198
5487 -7197
5544 -7196
5600 -7195
5655 -7194
5709 -7193
5762 -7192
5814 -7191
5865 -7190
5915 -7189
5964 -7188
6012 -7187
6059 -7186
6105 -7185
6150 -7184
6194 -7183
6237 -7182
6279 -7181
6320 -7180
6360 -7179
6399 -7178
6437 -7177
6474 -7176
6510 -7175
6545 -7174
6579 -7173
6612 -7172
6644 -7171
6675 -7170
6705 -7169
6734 -7168
6762 -7167
6789 -7166
6815 -7165
6840 -7164
6864 -7163
6887 -7162
6909 -7161
6930 -7160
6950 -7159
6969 -7158
6987 -7157
7004 -7156
7020 -7155
7035 -7154
7049 -7153
7062 -7152
7074 -7151
7085 -7150
7095 -7149
7104 -7148
7112 -7147
7119 -7146
7125 -7145
7130 -7144
7134 -7143
7137 -7142
7139 -7141
7141 -7139
7142 -7137
7143 -7134
7144 -7130
7145 -7125
7146 -7119
7147 -7112
7148 -7104
7149 -7095
7150 -7085
7151 -7074
7152 -7062
7153 -7049
7154 -7035
7155 -7020
7156 -7004
7157 -6987
7158 -6969
7159 -6950
7160 -6930
7161 -6909
7162 -6887
7163 -6864
7164 -6840
7165 -6815
7166 -6789
7167 -6762
7168 -6734
7169 -6705
7170 -6675
7171 -6644
7172 -6612
7173 -6579
7174 -6545
7175 -6510
7176 -6474
7177 -6437
7178 -6399
7179 -6360
7180 -6320
7181 -6279
7182 -6237
7183 -6194
7184 -6150
7185 -6105
7186 -6059
7187 -6012
7188 -5964
7189 -5915
7190 -5865
7191 -5814
7192 -5762
7193 -5709
7194 -5655
7195 -5600
7196 -5544
7197 -5487
7198 -5429
7199 -5370
7200 -5310
7201 -5249
7202 -5187
7203 -5124
7204 -5060
7205 -4995
7206 -4929
7207 -4862
7208 -4794
7209 -4725
7210 -4655
7211 -4584
7212 -4512
7213 -4439
7214 -4365
7215 -4290
7216 -4214
7217 -4137
7218 -4059
7219 -3980
7220 -3900
7221 -3819
7222 -3737
7223 -3654
7224 -3570
7225 -3485
7226 -3399
7227 -3312
7228 -3224
7229 -3135
7230 -3045
7231 -2954
7232 -2862
7233 -2769
7234 -2675
7235 -2580
7236 -2484
7237 -2387
7238 -2289
7239 -2190
7240 -2090
7241 -1989
7242 -1887
7243 -1784
7244 -1680
7245 -1575
7246 -1469
7247 -1362
7248 -1254
7249 -1145
7250 -1035
7251 -924
7252 -812
7253 -699
7254 -585
7255 -470
7256 -354
7257 -237
7258 -119
7259 0
7258 119
7257 237
7256 354
7255 470
7254 585
7253 699
7252 812
7251 924
7250 1035
7249 1145
7248 1254
7247 1362
7246 1469
7245 1575
7244 1680
7243 1784
7242 1887
7241 1989
7240 2090
7239 2190
7238 2289
7237 2387
7236 2484
7235 2580
7234 2675
7233 2769
7232 2862
7231 2954
7230 3045
7229 3135
7228 3224
7227 3312
7226 3399
7225 3485
7224 3570
7223 3654
7222 3737
7221 3819
7220 3900
7219 3980
7218 4059
7217 4137
7216 4214
7215 4290
7214 4365
7213 4439
7212 4512
7211 4584
7210 4655
7209 4725
7208 4794
7207 4862
7206 4929
7205 4995
7204 5060
7203 5124
7202 5187
7201 5249
7200 5310
7199 5370
7198 5429
7197 5487
7196 5544
7195 5600
7194 5655
7193 5709
7192 5762
7191 5814
7190 5865
7189 5915
7188 5964
7187 6012
7186 6059
7185 6105
7184 6150
7183 6194
7182 6237
7181 6279
7180 6320
7179 6360
7178 6399
7177 6437
7176 6474
7175 6510
7174 6545
7173 6579
7172 6612
7171 6644
7170 6675
7169 6705
7168 6734
7167 6762
7166 6789
7165 6815
7164 6840
7163 6864
7162 6887
7161 6909
7160 6930
7159 6950
7158 6969
7157 6987
7156 7004
7155 7020
7154 7035
7153 7049
7152 7062
7151 7074
7150 7085
7149 7095
7148 7104
7147 7112
7146 7119
7145 7125
7144 7130
7143 7134
7142 7137
7141 7139
7139 7141
7137 7142
7134 7143
7130 7144
7125 7145
7119 7146
7112 7147
7104 7148
7095 7149
7085 7150
7074 7151
7062 7152
7049 7153
7035 7154
7020 7155
7004 7156
6987 7157
6969 7158
6950 7159
6930 7160
6909 7161
6887 7162
6864 7163
6840 7164
6815 7165
6789 7166
6762 7167
6734 7168
6705 7169
6675 7170
6644 7171
6612 7172
6579 7173
6545 7174
6510 7175
6474 7176
6437 7177
6399 7178
6360 7179
6320 7180
6279 7181
6237 7182
6194 7183
6150 7184
6105 7185
6059 7186
6012 7187
5964 7188
5915 7189
5865 7190
5814 7191
5762 7192
5709 7193
5655 7194
5600 7195
5544 7196
5487 7197
5429 7198
5370 7199
5310 7200
5249 7201
5187 7202
5124 7203
5060 7204
4995 7205
4929 7206
4862 7207
4794 7208
4725 7209
4655 7210
4584 7211
4512 7212
4439 7213
4365 7214
4290 7215
4214 7216
4137 7217
4059 7218
3980 7219
3900 7220
3819 7221
3737 7222
3654 7223
3570 7224
3485 7225
3399 7226
3312 7227
3224 7228
3135 7229
3045 7230
2954 7231
2862 7232
2769 7233
2675 7234
2580 7235
2484 7236
2387 7237
2289 7238
2190 7239
2090 7240
1989 7241
1887 7242
1784 7243
1680 7244
1575 7245
1469 7246
1362 7247
1254 7248
1145 7249
1035 7250
924 7251
812 7252
699 7253
585 7254
470 7255
354 7256
237 7257
119 7258
0 7259
-119 7258
-237 7257
-354 7256
-470 7255
-585 7254
-699 7253
-812 7252
-924 7251
-1035 7250
-1145 7249
-1254 7248
-1362 7247
-1469 7246
-1575 7245
-1680 7244
-1784 7243
-1887 7242
-1989 7241
-2090 7240
-2190 7239
-2289 7238
-2387 7237
-2484 7236
-2580 7235
-2675 7234
-2769 7233
-2862 7232
-2954 7231
-3045 7230
-3135 7229
-3224 7228
-3312 7227
-3399 7226
-3485 7225
-3570 7224
-3654 7223
-3737 7222
-3819 7221
-3900 7220
-3980 7219
-4059 7218
-4137 7217
-4214 7216
-4290 7215
-4365 7214
-4439 7213
-4512 7212
-4584 7211
-4655 7210
-4725 7209
-4794 7208
-4862 7207
-4929 7206
-4995 7205
-5060 7204
-5124 7203
-5187 7202
-5249 7201
-5310 7200
-5370 7199
-5429 7198
-5487 7197
-5544 7196
-5600 7195
-5655 7194
-5709 7193
-5762 7192
-5814 7191
-5865 7190
-5915 7189
-5964 7188
-6012 7187
-6059 7186
-6105 7185
-6150 7184
-6194 7183
-6237 7182
-6279 7181
-6320 7180
-6360 7179
-6399 7178
-6437 7177
-6474 7176
-6510 7175
-6545 7174
-6579 7173
-6612 7172
-6644 7171
-6675 7170
-6705 7169
-6734 7168
-6762 7167
-6789 7166
-6815 7165
-6840 7164
-6864 7163
-6887 7162
-6909 7161
-6930 7160
-6950 7159
-6969 7158
-6987 7157
-7004 7156
-7020 7155
-7035 7154
-7049 7153
-7062 7152
-7074 7151
-7085 7150
-7095 7149
-7104 7148
-7112 7147
-7119 7146
-7125 7145
-7130 7144
-7134 7143
-7137 7142
-7139 7141
-7141 7139
-7142 7137
-7143 7134
-7144 7130
-7145 7125
-7146 7119
-7147 7112
-7148 7104
-7149 7095
-7150 7085
-7151 7074
-7152 7062
-7153 7049
-7154 7035
-7155 7020
-7156 7004
-7157 6987
-7158 6969
-7159 6950
-7160 6930
-7161 6909
-7162 6887
-7163 6864
-7164 6840
-7165 6815
-7166 6789
-7167 6762
-7168 6734
-7169 6705
-7170 6675
-7171 6644
-7172 6612
-7173 6579
-7174 6545
-7175 6510
-7176 6474
-7177 6437
-7178 6399
-7179 6360
-7180 6320
-7181 6279
-7182 6237
-7183 6194
-7184 6150
-7185 6105
-7186 6059
-7187 6012
-7188 5964
-7189 5915
-7190 5865
-7191 5814
-7192 5762
-7193 5709
-7194 5655
-7195 5600
-7196 5544
-7197 5487
-7198 5429
-7199 5370
-7200 5310
-7201 5249
-7202 5187
-7203 5124
-7204 5060
-7205 4995
-7206 4929
-7207 4862
-7208 4794
-7209 4725
-7210 4655
-7211 4584
-7212 4512
-7213 4439
-7214 4365
-7215 4290
-7216 4214
-7217 4137
-7218 4059
-7219 3980
-7220 3900
-7221 3819
-7222 3737
-7223 3654
-7224 3570
-7225 3485
-7226 3399
-7227 3312
-7228 3224
-7229 3135
-7230 3045
-7231 2954
-7232 2862
-7233 2769
-7234 2675
-7235 2580
-7236 2484
-7237 2387
-7238 2289
-7239 2190
-7240 2090
-7241 1989
-7242 1887
-7243 1784
-7244 1680
-7245 1575
-7246 1469
-7247 1362
-7248 1254
-7249 1145
-7250 1035
-7251 924
-7252 812
-7253 699
-7254 585
-7255 470
-7256 354
-7257 237
-7258 119
-7259 0
-7258 -119
-7257 -237
-7256 -354
-7255 -470
-7254 -585
-7253 -699
-7252 -812
-7251 -924
-7250 -1035
-7249 -1145
-7248 -1254
-7247 -1362
-7246 -1469
-7245 -1575
-7244 -1680
-7243 -1784
-7242 -1887
-7241 -1989
-7240 -2090
-7239 -2190
-7238 -2289
-7237 -2387
-7236 -2484
-7235 -2580
-7234 -2675
-7233 -2769
-7232 -2862
-7231 -2954
-7230 -3045
-7229 -3135
-7228 -3224
-7227 -3312
-7226 -3399
-7225 -3485
-7224 -3570
-7223 -3654
-7222 -3737
-7221 -3819
-7220 -3900
-7219 -3980
-7218 -4059
-7217 -4137
-7216 -4214
-7215 -4290
-7214 -4365
-7213 -4439
-7212 -4512
-7211 -4584
-7210 -4655
-7209 -4725
-7208 -4794
-7207 -4862
-7206 -4929
-7205 -4995
-7204 -5060
-7203 -5124
-7202 -5187
-7201 -5249
-7200 -5310
-7199 -5370
-7198 -5429
-7197 -5487
-7196 -5544
-7195 -5600
-7194 -5655
-7193 -5709
-7192 -5762
-7191 -5814
-7190 -5865
-7189 -5915
-7188 -5964
-7187 -6012
-7186 -6059
-7185 -6105
-7184 -6150
-7183 -6194
-7182 -6237
-7181 -6279
-7180 -6320
-7179 -6360
-7178 -6399
-7177 -6437
-7176 -6474
-7175 -6510
-7174 -6545
-7173 -6579
-7172 -6612
-7171 -6644
-7170 -6675
-7169 -6705
-7168 -6734
-7167 -6762
-7166 -6789
-7165 -6815
-7164 -6840
-7163 -6864
-7162 -6887
-7161 -6909
-7160 -6930
-7159 -6950
-7158 -6969
-7157 -6987
-7156 -7004
-7155 -7020
-7154 -7035
-7153 -7049
-7152 -7062
-7151 -7074
-7150 -7085
-7149 -7095
-7148 -7104
-7147 -7112
-7146 -7119
-7145 -7125
-7144 -7130
-7143 -7134
-7142 -7137
-7141 -7139
-7139 -7141
-7137 -7142
-7134 -7143
-7130 -7144
-7125 -7145
-7119 -7146
-7112 -7147
-7104 -7148
-7095 -7149
-7085 -7150
-7074 -7151
-7062 -7152
-7049 -7153
-7035 -7154
-7020 -7155
-7004 -7156
-6987 -7157
-6969 -7158
-6950 -7159
-6930 -7160
-6909 -7161
-6887 -7162
-6864 -7163
-6840 -7164
-6815 -7165
-6789 -7166
-6762 -7167
-6734 -7168
-6705 -7169
-6675 -7170
-6644 -7171
-6612 -7172
-6579 -7173
-6545 -7174
-6510 -7175
-6474 -7176
-6437 -7177
-6399 -7178
-6360 -7179
-6320 -7180
-6279 -7181
-6237 -7182
-6194 -7183
-6150 -7184
-6105 -7185
-6059 -7186
-6012 -7187
-5964 -7188
-5915 -7189
-5865 -7190
-5814 -7191
-5762 -7192
-5709 -7193
-5655 -7194
-5600 -7195
-5544 -7196
-5487 -7197
-5429 -7198
-5370 -7199
-5310 -7200
-5249 -7201
-5187 -7202
-5124 -7203
-5060 -7204
-4995 -7205
-4929 -7206
-4862 -7207
-4794 -7208
-4725 -7209
-4655 -7210
-4584 -7211
-4512 -7212
-4439 -7213
-4365 -7214
-4290 -7215
-4214 -7216
-4137 -7217
-4059 -7218
-3980 -7219
-3900 -7220
-3819 -7221
-3737 -7222
-3654 -7223
-3570 -7224
-3485 -7225
-3399 -7226
-3312 -7227
-3224 -7228
-3135 -7229
-3045 -7230
474 88 292 350
7166 6789
7165 6815
7164 6840
7163 6864
7162 6887
7161 6909
7160 6930
7159 6950
7158 6969
7157 6987
7156 7004
7155 7020
7154 7035
7153 7049
7152 7062
7151 7074
7150 7085
7149 7095
7148 7104
7147 7112
7146 7119
7145 7125
7144 7130
7143 7134
7142 7137
7141 7139
7139 7141
7137 7142
7134 7143
7130 7144
7125 7145
7119 7146
7112 7147
7104 7148
7095 7149
7085 7150
7074 7151
7062 7152
7049 7153
7035 7154
7020 7155
7004 7156
6987 7157
6969 7158
6950 7159
6930 7160
6909 7161
6887 7162
6864 7163
6840 7164
6815 7165
6789 7166
6762 7167
6734 7168
6705 7169
6675 7170
6644 7171
6612 7172
6579 7173
6545 7174
6510 7175
6474 7176
6437 7177
6399 7178
6360 7179
6320 7180
6279 7181
6237 7182
6194 7183
6150 7184
6105 7185
6059 7186
6012 7187
5964 7188
5915 7189
5865 7190
5814 7191
5762 7192
5709 7193
5655 7194
5600 7195
5544 7196
5487 7197
5429 7198
5370 7199
5310 7200
5249 7201
5187 7202
5124 7203
5060 7204
4995 7205
4929 7206
4862 7207
4794 7208
4725 7209
4655 7210
4584 7211
4512 7212
4439 7213
4365 7214
4290 7215
4214 7216
4137 7217
4059 7218
3980 7219
3900 7220
3819 7221
3737 7222
3654 7223
3570 7224
3485 7225
3399 7226
3312 7227
3224 7228
3135 7229
3045 7230
2954 7231
2862 7232
2769 7233
2675 7234
2580 7235
2484 7236
2387 7237
2289 7238
2190 7239
2090 7240
1989 7241
1887 7242
1784 7243
1680 7244
1575 7245
1469 7246
1362 7247
1254 7248
1145 7249
1035 7250
924 7251
812 7252
699 7253
585 7254
470 7255
354 7256
237 7257
119 7258
0 7259
-119 7258
-237 7257
-354 7256
-470 7255
-585 7254
-699 7253
-812 7252
-924 7251
-1035 7250
-1145 7249
-1254 7248
-1362 7247
-1469 7246
-1575 7245
-1680 7244
-1784 7243
-1887 7242
-1989 7241
-2090 7240
-2190 7239
-2289 7238
-2387 7237
-2484 7236
-2580 7235
-2675 7234
-2769 7233
-2862 7232
-2954 7231
-3045 7230
-3135 7229
-3224 7228
-3312 7227
-3399 7226
-3485 7225
-3570 7224
-3654 7223
-3737 7222
-3819 7221
-3900 7220
-3980 7219
-4059 7218
-4137 7217
-4214 7216
-4290 7215
-4365 7214
-4439 7213
-4512 7212
-4584 7211
-4655 7210
-4725 7209
-4794 7208
-4862 7207
-4929 7206
-4995 7205
-5060 7204
-5124 7203
-5187 7202
-5249 7201
-5310 7200
-5370 7199
-5429 7198
-5487 7197
-5544 7196
-5600 7195
-5655 7194
-5709 7193
-5762 7192
-5814 7191
-5865 7190
-5915 7189
-5964 7188
-6012 7187
-6059 7186
-6105 7185
-6150 7184
-6194 7183
-6237 7182
-6279 7181
-6320 7180
-6360 7179
-6399 7178
-6437 7177
-6474 7176
-6510 7175
-6545 7174
-6579 7173
-6612 7172
-6644 7171
-6675 7170
-6705 7169
-6734 7168
-6762 7167
-6789 7166
-6815 7165
-6840 7164
-6864 7163
-6887 7162
-6909 7161
-6930 7160
-6950 7159
-6969 7158
-6987 7157
-7004 7156
-7020 7155
-7035 7154
-7049 7153
-7062 7152
-7074 7151
-7085 7150
-7095 7149
-7104 7148
-7112 7147
-7119 7146
-7125 7145
-7130 7144
-7134 7143
-7137 7142
-7139 7141
-7141 7139
-7142 7137
-7143 7134
-7144 7130
-7145 7125
-7146 7119
-7147 7112
-7148 7104
-7149 7095
-7150 7085
-7151 7074
-7152 7062
-7153 7049
-7154 7035
-7155 7020
-7156 7004
-7157 6987
-7158 6969
-7159 6950
-7160 6930
-7161 6909
-7162 6887
-7163 6864
-7164 6840
-7165 6815
-7166 6789
-7167 6762
-7168 6734
-7169 6705
-7170 6675
-7171 6644
-7172 6612
-7173 6579
-7174 6545
-7175 6510
-7176 6474
-7177 6437
-7178 6399
-7179 6360
-7180 6320
-7181 6279
-7182 6237
-7183 6194
-7184 6150
-7185 6105
-7186 6059
-7187 6012
-7188 5964
-7189 5915
-7190 5865
-7191 5814
-7192 5762
-7193 5709
-7194 5655
-7195 5600
-7196 5544
-7197 5487
-7198 5429
-7199 5370
-7200 5310
-7201 5249
-7202 5187
-7203 5124
-7204 5060
-7205 4995
-7206 4929
-7207 4862
-7208 4794
-7209 4725
-7210 4655
-7211 4584
-7212 4512
-7213 4439
-7214 4365
-7215 4290
-7216 4214
-7217 4137
-7218 4059
-7219 3980
-7220 3900
-7221 3819
-7222 3737
-7223 3654
-7224 3570
-7225 3485
-7226 3399
-7227 3312
-7228 3224
-7229 3135
-7230 3045
-7231 2954
-7232 2862
-7233 2769
-7234 2675
-7235 2580
-7236 2484
-7237 2387
-7238 2289
-7239 2190
-7240 2090
-7241 1989
-7242 1887
-7243 1784
-7244 1680
-7245 1575
-7246 1469
-7247 1362
-7248 1254
-7249 1145
-7250 1035
-7251 924
-7252 812
-7253 699
-7254 585
-7255 470
-7256 354
-7257 237
-7258 119
7259 0
7258 119
7257 237
7256 354
7255 470
7254 585
7253 699
7252 812
7251 924
7250 1035
7249 1145
7248 1254
7247 1362
7246 1469
7245 1575
7244 1680
7243 1784
7242 1887
7241 1989
7240 2090
7239 2190
7238 2289
7237 2387
7236 2484
7235 2580
7234 2675
7233 2769
7232 2862
7231 2954
7230 3045
7229 3135
7228 3224
7227 3312
7226 3399
7225 3485
7224 3570
7223 3654
7222 3737
7221 3819
7220 3900
7219 3980
7218 4059
7217 4137
7216 4214
7215 4290
7214 4365
7213 4439
7212 4512
7211 4584
7210 4655
7209 4725
7208 4794
7207 4862
7206 4929
7205 4995
7204 5060
7203 5124
7202 5187
7201 5249
7200 5310
7199 5370
7198 5429
7197 5487
7196 5544
7195 5600
7194 5655
7193 5709
7192 5762
7191 5814
7190 5865
7189 5915
7188 5964
7187 6012
7186 6059
7185 6105
7184 6150
7183 6194
7182 6237
7181 6279
7180 6320
7179 6360
7178 6399
7177 6437
7176 6474
7175 6510
7174 6545
7173 6579
7172 6612
7171 6644
7170 6675
7169 6705
7168 6734
7167 6762
474 42 271 403
6545 7174
6510 7175
6474 7176
6437 7177
6399 7178
6360 7179
6320 7180
6279 7181
6237 7182
6194 7183
6150 7184
6105 7185
6059 7186
6012 7187
5964 7188
5915 7189
5865 7190
5814 7191
5762 7192
5709 7193
5655 7194
5600 7195
5544 7196
5487 7197
5429 7198
5370 7199
5310 7200
5249 7201
5187 7202
5124 7203
5060 7204
4995 7205
4929 7206
4862 7207
4794 7208
4725 7209
4655 7210
4584 7211
4512 7212
4439 7213
4365 7214
4290 7215
4214 7216
4137 7217
4059 7218
3980 7219
3900 7220
3819 7221
3737 7222
3654 7223
3570 7224
3485 7225
3399 7226
3312 7227
3224 7228
3135 7229
3045 7230
2954 7231
2862 7232
2769 7233
2675 7234
2580 7235
2484 7236
2387 7237
2289 7238
2190 7239
2090 7240
1989 7241
1887 7242
1784 7243
1680 7244
1575 7245
1469 7246
1362 7247
1254 7248
1145 7249
1035 7250
924 7251
812 7252
699 7253
585 7254
470 7255
354 7256
237 7257
119 7258
0 7259
-119 7258
-237 7257
-354 7256
-470 7255
-585 7254
-699 7253
-812 7252
-924 7251
-1035 7250
-1145 7249
-1254 7248
-1362 7247
-1469 7246
-1575 7245
-1680 7244
-1784 7243
-1887 7242
-1989 7241
-2090 7240
-2190 7239
-2289 7238
-2387 7237
-2484 7236
-2580 7235
-2675 7234
-2769 7233
-2862 7232
-2954 7231
-3045 7230
-3135 7229
-3224 7228
-3312 7227
-3399 7226
-3485 7225
-3570 7224
-3654 7223
-3737 7222
-3819 7221
-3900 7220
-3980 7219
-4059 7218
-4137 7217
-4214 7216
-4290 7215
-4365 7214
-4439 7213
-4512 7212
-4584 7211
-4655 7210
-4725 7209
-4794 7208
-4862 7207
-4929 7206
-4995 7205
-5060 7204
-5124 7203
-5187 7202
-5249 7201
-5310 7200
-5370 7199
-5429 7198
-5487 7197
-5544 7196
-5600 7195
-5655 7194
-5709 7193
-5762 7192
-5814 7191
-5865 7190
-5915 7189
-5964 7188
-6012 7187
-6059 7186
-6105 7185
-6150 7184
-6194 7183
-6237 7182
-6279 7181
-6320 7180
-6360 7179
-6399 7178
-6437 7177
-6474 7176
-6510 7175
-6545 7174
-6579 7173
-6612 7172
-6644 7171
-6675 7170
-6705 7169
-6734 7168
-6762 7167
-6789 7166
-6815 7165
-6840 7164
-6864 7163
-6887 7162
-6909 7161
-6930 7160
-6950 7159
-6969 7158
-6987 7157
-7004 7156
-7020 7155
-7035 7154
-7049 7153
-7062 7152
-7074 7151
-7085 7150
-7095 7149
-7104 7148
-7112 7147
-7119 7146
-7125 7145
-7130 7144
-7134 7143
-7137 7142
-7139 7141
-7141 7139
-7142 7137
-7143 7134
-7144 7130
-7145 7125
-7146 7119
-7147 7112
-7148 7104
-7149 7095
-7150 7085
-7151 7074
-7152 7062
-7153 7049
-7154 7035
-7155 7020
-7156 7004
-7157 6987
-7158 6969
-7159 6950
-7160 6930
-7161 6909
-7162 6887
-7163 6864
-7164 6840
-7165 6815
-7166 6789
-7167 6762
-7168 6734
-7169 6705
-7170 6675
-7171 6644
-7172 6612
-7173 6579
-7174 6545
-7175 6510
-7176 6474
-7177 6437
-7178 6399
-7179 6360
-7180 6320
-7181 6279
-7182 6237
-7183 6194
-7184 6150
-7185 6105
-7186 6059
-7187 6012
-7188 5964
-7189 5915
-7190 5865
-7191 5814
-7192 5762
-7193 5709
-7194 5655
-7195 5600
-7196 5544
-7197 5487
-7198 5429
-7199 5370
-7200 5310
-7201 5249
-7202 5187
-7203 5124
-7204 5060
-7205 4995
-7206 4929
-7207 4862
-7208 4794
-7209 4725
-7210 4655
-7211 4584
-7212 4512
-7213 4439
-7214 4365
-7215 4290
-7216 4214
-7217 4137
-7218 4059
-7219 3980
-7220 3900
-7221 3819
-7222 3737
-7223 3654
-7224 3570
-7225 3485
-7226 3399
-7227 3312
-7228 3224
-7229 3135
-7230 3045
-7231 2954
-7232 2862
-7233 2769
-7234 2675
-7235 2580
-7236 2484
-7237 2387
-7238 2289
-7239 2190
-7240 2090
-7241 1989
-7242 1887
-7243 1784
-7244 1680
-7245 1575
-7246 1469
-7247 1362
-7248 1254
-7249 1145
-7250 1035
-7251 924
-7252 812
-7253 699
-7254 585
-7255 470
-7256 354
-7257 237
-7258 119
7259 0
7258 119
7257 237
7256 354
7255 470
7254 585
7253 699
7252 812
7251 924
7250 1035
7249 1145
7248 1254
7247 1362
7246 1469
7245 1575
7244 1680
7243 1784
7242 1887
7241 1989
7240 2090
7239 2190
7238 2289
7237 2387
7236 2484
7235 2580
7234 2675
7233 2769
7232 2862
7231 2954
7230 3045
7229 3135
7228 3224
7227 3312
7226 3399
7225 3485
7224 3570
7223 3654
7222 3737
7221 3819
7220 3900
7219 3980
7218 4059
7217 4137
7216 4214
7215 4290
7214 4365
7213 4439
7212 4512
7211 4584
7210 4655
7209 4725
7208 4794
7207 4862
7206 4929
7205 4995
7204 5060
7203 5124
7202 5187
7201 5249
7200 5310
7199 5370
7198 5429
7197 5487
7196 5544
7195 5600
7194 5655
7193 5709
7192 5762
7191 5814
7190 5865
7189 5915
7188 5964
7187 6012
7186 6059
7185 6105
7184 6150
7183 6194
7182 6237
7181 6279
7180 6320
7179 6360
7178 6399
7177 6437
7176 6474
7175 6510
7174 6545
7173 6579
7172 6612
7171 6644
7170 6675
7169 6705
7168 6734
7167 6762
7166 6789
7165 6815
7164 6840
7163 6864
7162 6887
7161 6909
7160 6930
7159 6950
7158 6969
7157 6987
7156 7004
7155 7020
7154 7035
7153 7049
7152 7062
7151 7074
7150 7085
7149 7095
7148 7104
7147 7112
7146 7119
7145 7125
7144 7130
7143 7134
7142 7137
7141 7139
7139 7141
7137 7142
7134 7143
7130 7144
7125 7145
7119 7146
7112 7147
7104 7148
7095 7149
7085 7150
7074 7151
7062 7152
7049 7153
7035 7154
7020 7155
7004 7156
6987 7157
6969 7158
6950 7159
6930 7160
6909 7161
6887 7162
6864 7163
6840 7164
6815 7165
6789 7166
6762 7167
6734 7168
6705 7169
6675 7170
6644 7171
6612 7172
6579 7173
474 62 357 473
4512 7212
4439 7213
4365 7214
4290 7215
4214 7216
4137 7217
4059 7218
3980 7219
3900 7220
3819 7221
3737 7222
3654 7223
3570 7224
3485 7225
3399 7226
3312 7227
3224 7228
3135 7229
3045 7230
2954 7231
2862 7232
2769 7233
2675 7234
2580 7235
2484 7236
2387 7237
2289 7238
2190 7239
2090 7240
1989 7241
1887 7242
1784 7243
1680 7244
1575 7245
1469 7246
1362 7247
1254 7248
1145 7249
1035 7250
924 7251
812 7252
699 7253
585 7254
470 7255
354 7256
237 7257
119 7258
0 7259
-119 7258
-237 7257
-354 7256
-470 7255
-585 7254
-699 7253
-812 7252
-924 7251
-1035 7250
-1145 7249
-1254 7248
-1362 7247
-1469 7246
-1575 7245
-1680 7244
-1784 7243
-1887 7242
-1989 7241
-2090 7240
-2190 7239
-2289 7238
-2387 7237
-2484 7236
-2580 7235
-2675 7234
-2769 7233
-2862 7232
-2954 7231
-3045 7230
-3135 7229
-3224 7228
-3312 7227
-3399 7226
-3485 7225
-3570 7224
-3654 7223
-3737 7222
-3819 7221
-3900 7220
-3980 7219
-4059 7218
-4137 7217
-4214 7216
-4290 7215
-4365 7214
-4439 7213
-4512 7212
-4584 7211
-4655 7210
-4725 7209
-4794 7208
-4862 7207
-4929 7206
-4995 7205
-5060 7204
-5124 7203
-5187 7202
-5249 7201
-5310 7200
-5370 7199
-5429 7198
-5487 7197
-5544 7196
-5600 7195
-5655 7194
-5709 7193
-5762 7192
-5814 7191
-5865 7190
-5915 7189
-5964 7188
-6012 7187
-6059 7186
-6105 7185
-6150 7184
-6194 7183
-6237 7182
-6279 7181
-6320 7180
-6360 7179
-6399 7178
-6437 7177
-6474 7176
-6510 7175
-6545 7174
-6579 7173
-6612 7172
-6644 7171
-6675 7170
-6705 7169
-6734 7168
-6762 7167
-6789 7166
-6815 7165
-6840 7164
-6864 7163
-6887 7162
-6909 7161
-6930 7160
-6950 7159
-6969 7158
-6987 7157
-7004 7156
-7020 7155
-7035 7154
-7049 7153
-7062 7152
-7074 7151
-7085 7150
-7095 7149
-7104 7148
-7112 7147
-7119 7146
-7125 7145
-7130 7144
-7134 7143
-7137 7142
-7139 7141
-7141 7139
-7142 7137
-7143 7134
-7144 7130
-7145 7125
-7146 7119
-7147 7112
-7148 7104
-7149 7095
-7150 7085
-7151 7074
-7152 7062
-7153 7049
-7154 7035
-7155 7020
-7156 7004
-7157 6987
-7158 6969
-7159 6950
-7160 6930
-7161 6909
-7162 6887
-7163 6864
-7164 6840
-7165 6815
-7166 6789
-7167 6762
-7168 6734
-7169 6705
-7170 6675
-7171 6644
-7172 6612
-7173 6579
-7174 6545
-7175 6510
-7176 6474
-7177 6437
-7178 6399
-7179 6360
-7180 6320
-7181 6279
-7182 6237
-7183 6194
-7184 6150
-7185 6105
-7186 6059
-7187 6012
-7188 5964
-7189 5915
-7190 5865
-7191 5814
-7192 5762
-7193 5709
-7194 5655
-7195 5600
-7196 5544
-7197 5487
-7198 5429
-7199 5370
-7200 5310
-7201 5249
-7202 5187
-7203 5124
-7204 5060
-7205 4995
-7206 4929
-7207 4862
-7208 4794
-7209 4725
-7210 4655
-7211 4584
-7212 4512
-7213 4439
-7214 4365
-7215 4290
-7216 4214
-7217 4137
-7218 4059
-7219 3980
-7220 3900
-7221 3819
-7222 3737
-7223 3654
-7224 3570
-7225 3485
-7226 3399
-7227 3312
-7228 3224
-7229 3135
-7230 3045
-7231 2954
-7232 2862
-7233 2769
-7234 2675
-7235 2580
-7236 2484
-7237 2387
-7238 2289
-7239 2190
-7240 2090
-7241 1989
-7242 1887
-7243 1784
-7244 1680
-7245 1575
-7246 1469
-7247 1362
-7248 1254
-7249 1145
-7250 1035
-7251 924
-7252 812
-7253 699
-7254 585
-7255 470
-7256 354
-7257 237
-7258 119
7259 0
7258 119
7257 237
7256 354
7255 470
7254 585
7253 699
7252 812
7251 924
7250 1035
7249 1145
7248 1254
7247 1362
7246 1469
7245 1575
7244 1680
7243 1784
7242 1887
7241 1989
7240 2090
7239 2190
7238 2289
7237 2387
7236 2484
7235 2580
7234 2675
7233 2769
7232 2862
7231 2954
7230 3045
7229 3135
7228 3224
7227 3312
7226 3399
7225 3485
7224 3570
7223 3654
7222 3737
7221 3819
7220 3900
7219 3980
7218 4059
7217 4137
7216 4214
7215 4290
7214 4365
7213 4439
7212 4512
7211 4584
7210 4655
7209 4725
7208 4794
7207 4862
7206 4929
7205 4995
7204 5060
7203 5124
7202 5187
7201 5249
7200 5310
7199 5370
7198 5429
7197 5487
7196 5544
7195 5600
7194 5655
7193 5709
7192 5762
7191 5814
7190 5865
7189 5915
7188 5964
7187 6012
7186 6059
7185 6105
7184 6150
7183 6194
7182 6237
7181 6279
7180 6320
7179 6360
7178 6399
7177 6437
7176 6474
7175 6510
7174 6545
7173 6579
7172 6612
7171 6644
7170 6675
7169 6705
7168 6734
7167 6762
7166 6789
7165 6815
7164 6840
7163 6864
7162 6887
7161 6909
7160 6930
7159 6950
7158 6969
7157 6987
7156 7004
7155 7020
7154 7035
7153 7049
7152 7062
7151 7074
7150 7085
7149 7095
7148 7104
7147 7112
7146 7119
7145 7125
7144 7130
7143 7134
7142 7137
7141 7139
7139 7141
7137 7142
7134 7143
7130 7144
7125 7145
7119 7146
7112 7147
7104 7148
7095 7149
7085 7150
7074 7151
7062 7152
7049 7153
7035 7154
7020 7155
7004 7156
6987 7157
6969 7158
6950 7159
6930 7160
6909 7161
6887 7162
6864 7163
6840 7164
6815 7165
6789 7166
6762 7167
6734 7168
6705 7169
6675 7170
6644 7171
6612 7172
6579 7173
6545 7174
6510 7175
6474 7176
6437 7177
6399 7178
6360 7179
6320 7180
6279 7181
6237 7182
6194 7183
6150 7184
6105 7185
6059 7186
6012 7187
5964 7188
5915 7189
5865 7190
5814 7191
5762 7192
5709 7193
5655 7194
5600 7195
5544 7196
5487 7197
5429 7198
5370 7199
5310 7200
5249 7201
5187 7202
5124 7203
5060 7204
4995 7205
4929 7206
4862 7207
4794 7208
4725 7209
4655 7210
4584 7211
474 139 195 206
-6930 7160
-6950 7159
-6969 7158
-6987 7157
-7004 7156
-7020 7155
-7035 7154
-7049 7153
-7062 7152
-7074 7151
-7085 7150
-7095 7149
-7104 7148
-7112 7147
-7119 7146
-7125 7145
-7130 7144
-7134 7143
-7137 7142
-7139 7141
-7141 7139
-7142 7137
-7143 7134
-7144 7130
-7145 7125
-7146 7119
-7147 7112
-7148 7104
-7149 7095
-7150 7085
-7151 7074
-7152 7062
-7153 7049
-7154 7035
-7155 7020
-7156 7004
-7157 6987
-7158 6969
-7159 6950
-7160 6930
-7161 6909
-7162 6887
-7163 6864
-7164 6840
-7165 6815
-7166 6789
-7167 6762
-7168 6734
-7169 6705
-7170 6675
-7171 6644
-7172 6612
-7173 6579
-7174 6545
-7175 6510
-7176 6474
-7177 6437
-7178 6399
-7179 6360
-7180 6320
-7181 6279
-7182 6237
-7183 6194
-7184 6150
-7185 6105
-7186 6059
-7187 6012
-7188 5964
-7189 5915
-7190 5865
-7191 5814
-7192 5762
-7193 5709
-7194 5655
-7195 5600
-7196 5544
-7197 5487
-7198 5429
-7199 5370
-7200 5310
-7201 5249
-7202 5187
-7203 5124
-7204 5060
-7205 4995
-7206 4929
-7207 4862
-7208 4794
-7209 4725
-7210 4655
-7211 4584
-7212 4512
-7213 4439
-7214 4365
-7215 4290
-7216 4214
-7217 4137
-7218 4059
-7219 3980
-7220 3900
-7221 3819
-7222 3737
-7223 3654
-7224 3570
-7225 3485
-7226 3399
-7227 3312
-7228 3224
-7229 3135
-7230 3045
-7231 2954
-7232 2862
-7233 2769
-7234 2675
-7235 2580
-7236 2484
-7237 2387
-7238 2289
-7239 2190
-7240 2090
-7241 1989
-7242 1887
-7243 1784
-7244 1680
-7245 1575
-7246 1469
-7247 1362
-7248 1254
-7249 1145
-7250 1035
-7251 924
-7252 812
-7253 699
-7254 585
-7255 470
-7256 354
-7257 237
-7258 119
7259 0
7258 119
7257 237
7256 354
7255 470
7254 585
7253 699
7252 812
7251 924
7250 1035
7249 1145
7248 1254
7247 1362
7246 1469
7245 1575
7244 1680
7243 1784
7242 1887
7241 1989
7240 2090
7239 2190
7238 2289
7237 2387
7236 2484
7235 2580
7234 2675
7233 2769
7232 2862
7231 2954
7230 3045
7229 3135
7228 3224
7227 3312
7226 3399
7225 3485
7224 3570
7223 3654
7222 3737
7221 3819
7220 3900
7219 3980
7218 4059
7217 4137
7216 4214
7215 4290
7214 4365
7213 4439
7212 4512
7211 4584
7210 4655
7209 4725
7208 4794
7207 4862
7206 4929
7205 4995
7204 5060
7203 5124
7202 5187
7201 5249
7200 5310
7199 5370
7198 5429
7197 5487
7196 5544
7195 5600
7194 5655
7193 5709
7192 5762
7191 5814
7190 5865
7189 5915
7188 5964
7187 6012
7186 6059
7185 6105
7184 6150
7183 6194
7182 6237
7181 6279
7180 6320
7179 6360
7178 6399
7177 6437
7176 6474
7175 6510
7174 6545
7173 6579
7172 6612
7171 6644
7170 6675
7169 6705
7168 6734
7167 6762
7166 6789
7165 6815
7164 6840
7163 6864
7162 6887
7161 6909
7160 6930
7159 6950
7158 6969
7157 6987
7156 7004
7155 7020
7154 7035
7153 7049
7152 7062
7151 7074
7150 7085
7149 7095
7148 7104
7147 7112
7146 7119
7145 7125
7144 7130
7143 7134
7142 7137
7141 7139
7139 7141
7137 7142
7134 7143
7130 7144
7125 7145
7119 7146
7112 7147
7104 7148
7095 7149
7085 7150
7074 7151
7062 7152
7049 7153
7035 7154
7020 7155
7004 7156
6987 7157
6969 7158
6950 7159
6930 7160
6909 7161
6887 7162
6864 7163
6840 7164
6815 7165
6789 7166
6762 7167
6734 7168
6705 7169
6675 7170
6644 7171
6612 7172
6579 7173
6545 7174
6510 7175
6474 7176
6437 7177
6399 7178
6360 7179
6320 7180
6279 7181
6237 7182
6194 7183
6150 7184
6105 7185
6059 7186
6012 7187
5964 7188
5915 7189
5865 7190
5814 7191
5762 7192
5709 7193
5655 7194
5600 7195
5544 7196
5487 7197
5429 7198
5370 7199
5310 7200
5249 7201
5187 7202
5124 7203
5060 7204
4995 7205
4929 7206
4862 7207
4794 7208
4725 7209
4655 7210
4584 7211
4512 7212
4439 7213
4365 7214
4290 7215
4214 7216
4137 7217
4059 7218
3980 7219
3900 7220
3819 7221
3737 7222
3654 7223
3570 7224
3485 7225
3399 7226
3312 7227
3224 7228
3135 7229
3045 7230
2954 7231
2862 7232
2769 7233
2675 7234
2580 7235
2484 7236
2387 7237
2289 7238
2190 7239
2090 7240
1989 7241
1887 7242
1784 7243
1680 7244
1575 7245
1469 7246
1362 7247
1254 7248
1145 7249
1035 7250
924 7251
812 7252
699 7253
585 7254
470 7255
354 7256
237 7257
119 7258
0 7259
-119 7258
-237 7257
-354 7256
-470 7255
-585 7254
-699 7253
-812 7252
-924 7251
-1035 7250
-1145 7249
-1254 7248
-1362 7247
-1469 7246
-1575 7245
-1680 7244
-1784 7243
-1887 7242
-1989 7241
-2090 7240
-2190 7239
-2289 7238
-2387 7237
-2484 7236
-2580 7235
-2675 7234
-2769 7233
-2862 7232
-2954 7231
-3045 7230
-3135 7229
-3224 7228
-3312 7227
-3399 7226
-3485 7225
-3570 7224
-3654 7223
-3737 7222
-3819 7221
-3900 7220
-3980 7219
-4059 7218
-4137 7217
-4214 7216
-4290 7215
-4365 7214
-4439 7213
-4512 7212
-4584 7211
-4655 7210
-4725 7209
-4794 7208
-4862 7207
-4929 7206
-4995 7205
-5060 7204
-5124 7203
-5187 7202
-5249 7201
-5310 7200
-5370 7199
-5429 7198
-5487 7197
-5544 7196
-5600 7195
-5655 7194
-5709 7193
-5762 7192
-5814 7191
-5865 7190
-5915 7189
-5964 7188
-6012 7187
-6059 7186
-6105 7185
-6150 7184
-6194 7183
-6237 7182
-6279 7181
-6320 7180
-6360 7179
-6399 7178
-6437 7177
-6474 7176
-6510 7175
-6545 7174
-6579 7173
-6612 7172
-6644 7171
-6675 7170
-6705 7169
-6734 7168
-6762 7167
-6789 7166
-6815 7165
-6840 7164
-6864 7163
-6887 7162
-6909 7161
474 19 54 134
-7176 6474
-7177 6437
-7178 6399
-7179 6360
-7180 6320
-7181 6279
-7182 6237
-7183 6194
-7184 6150
-7185 6105
-7186 6059
-7187 6012
-7188 5964
-7189 5915
-7190 5865
-7191 5814
-7192 5762
-7193 5709
-7194 5655
-7195 5600
-7196 5544
-7197 5487
-7198 5429
-7199 5370
-7200 5310
-7201 5249
-7202 5187
-7203 5124
-7204 5060
-7205 4995
-7206 4929
-7207 4862
-7208 4794
-7209 4725
-7210 4655
-7211 4584
-7212 4512
-7213 4439
-7214 4365
-7215 4290
-7216 4214
-7217 4137
-7218 4059
-7219 3980
-7220 3900
-7221 3819
-7222 3737
-7223 3654
-7224 3570
-7225 3485
-7226 3399
-7227 3312
-7228 3224
-7229 3135
-7230 3045
-7231 2954
-7232 2862
-7233 2769
-7234 2675
-7235 2580
-7236 2484
-7237 2387
-7238 2289
-7239 2190
-7240 2090
-7241 1989
-7242 1887
-7243 1784
-7244 1680
-7245 1575
-7246 1469
-7247 1362
-7248 1254
-7249 1145
-7250 1035
-7251 924
-7252 812
-7253 699
-7254 585
-7255 470
-7256 354
-7257 237
-7258 119
7259 0
7258 119
7257 237
7256 354
7255 470
7254 585
7253 699
7252 812
7251 924
7250 1035
7249 1145
7248 1254
7247 1362
7246 1469
7245 1575
7244 1680
7243 1784
7242 1887
7241 1989
7240 2090
7239 2190
7238 2289
7237 2387
7236 2484
7235 2580
7234 2675
7233 2769
7232 2862
7231 2954
7230 3045
7229 3135
7228 3224
7227 3312
7226 3399
7225 3485
7224 3570
7223 3654
7222 3737
7221 3819
7220 3900
7219 3980
7218 4059
7217 4137
7216 4214
7215 4290
7214 4365
7213 4439
7212 4512
7211 4584
7210 4655
7209 4725
7208 4794
7207 4862
7206 4929
7205 4995
7204 5060
7203 5124
7202 5187
7201 5249
7200 5310
7199 5370
7198 5429
7197 5487
7196 5544
7195 5600
7194 5655
7193 5709
7192 5762
7191 5814
7190 5865
7189 5915
7188 5964
7187 6012
7186 6059
7185 6105
7184 6150
7183 6194
7182 6237
7181 6279
7180 6320
7179 6360
7178 6399
7177 6437
7176 6474
7175 6510
7174 6545
7173 6579
7172 6612
7171 6644
7170 6675
7169 6705
7168 6734
7167 6762
7166 6789
7165 6815
7164 6840
7163 6864
7162 6887
7161 6909
7160 6930
7159 6950
7158 6969
7157 6987
7156 7004
7155 7020
7154 7035
7153 7049
7152 7062
7151 7074
7150 7085
7149 7095
7148 7104
7147 7112
7146 7119
7145 7125
7144 7130
7143 7134
7142 7137
7141 7139
7139 7141
7137 7142
7134 7143
7130 7144
7125 7145
7119 7146
7112 7147
7104 7148
7095 7149
7085 7150
7074 7151
7062 7152
7049 7153
7035 7154
7020 7155
7004 7156
6987 7157
6969 7158
6950 7159
6930 7160
6909 7161
6887 7162
6864 7163
6840 7164
6815 7165
6789 7166
6762 7167
6734 7168
6705 7169
6675 7170
6644 7171
6612 7172
6579 7173
6545 7174
6510 7175
6474 7176
6437 7177
6399 7178
6360 7179
6320 7180
6279 7181
6237 7182
6194 7183
6150 7184
6105 7185
6059 7186
6012 7187
5964 7188
5915 7189
5865 7190
5814 7191
5762 7192
5709 7193
5655 7194
5600 7195
5544 7196
5487 7197
5429 7198
5370 7199
5310 7200
5249 7201
5187 7202
5124 7203
5060 7204
4995 7205
4929 7206
4862 7207
4794 7208
4725 7209
4655 7210
4584 7211
4512 7212
4439 7213
4365 7214
4290 7215
4214 7216
4137 7217
4059 7218
3980 7219
3900 7220
3819 7221
3737 7222
3654 7223
3570 7224
3485 7225
3399 7226
3312 7227
3224 7228
3135 7229
3045 7230
2954 7231
2862 7232
2769 7233
2675 7234
2580 7235
2484 7236
2387 7237
2289 7238
2190 7239
2090 7240
1989 7241
1887 7242
1784 7243
1680 7244
1575 7245
1469 7246
1362 7247
1254 7248
1145 7249
1035 7250
924 7251
812 7252
699 7253
585 7254
470 7255
354 7256
237 7257
119 7258
0 7259
-119 7258
-237 7257
-354 7256
-470 7255
-585 7254
-699 7253
-812 7252
-924 7251
-1035 7250
-1145 7249
-1254 7248
-1362 7247
-1469 7246
-1575 7245
-1680 7244
-1784 7243
-1887 7242
-1989 7241
-2090 7240
-2190 7239
-2289 7238
-2387 7237
-2484 7236
-2580 7235
-2675 7234
-2769 7233
-2862 7232
-2954 7231
-3045 7230
-3135 7229
-3224 7228
-3312 7227
-3399 7226
-3485 7225
-3570 7224
-3654 7223
-3737 7222
-3819 7221
-3900 7220
-3980 7219
-4059 7218
-4137 7217
-4214 7216
-4290 7215
-4365 7214
-4439 7213
-4512 7212
-4584 7211
-4655 7210
-4725 7209
-4794 7208
-4862 7207
-4929 7206
-4995 7205
-5060 7204
-5124 7203
-5187 7202
-5249 7201
-5310 7200
-5370 7199
-5429 7198
-5487 7197
-5544 7196
-5600 7195
-5655 7194
-5709 7193
-5762 7192
-5814 7191
-5865 7190
-5915 7189
-5964 7188
-6012 7187
-6059 7186
-6105 7185
-6150 7184
-6194 7183
-6237 7182
-6279 7181
-6320 7180
-6360 7179
-6399 7178
-6437 7177
-6474 7176
-6510 7175
-6545 7174
-6579 7173
-6612 7172
-6644 7171
-6675 7170
-6705 7169
-6734 7168
-6762 7167
-6789 7166
-6815 7165
-6840 7164
-6864 7163
-6887 7162
-6909 7161
-6930 7160
-6950 7159
-6969 7158
-6987 7157
-7004 7156
-7020 7155
-7035 7154
-7049 7153
-7062 7152
-7074 7151
-7085 7150
-7095 7149
-7104 7148
-7112 7147
-7119 7146
-7125 7145
-7130 7144
-7134 7143
-7137 7142
-7139 7141
-7141 7139
-7142 7137
-7143 7134
-7144 7130
-7145 7125
-7146 7119
-7147 7112
-7148 7104
-7149 7095
-7150 7085
-7151 7074
-7152 7062
-7153 7049
-7154 7035
-7155 7020
-7156 7004
-7157 6987
-7158 6969
-7159 6950
-7160 6930
-7161 6909
-7162 6887
-7163 6864
-7164 6840
-7165 6815
-7166 6789
-7167 6762
-7168 6734
-7169 6705
-7170 6675
-7171 6644
-7172 6612
-7173 6579
-7174 6545
-7175 6510
948 371 437 759
-3045 -7230
-2954 -7231
-2862 -7232
-2769 -7233
-2675 -7234
-2580 -7235
-2484 -7236
-2387 -7237
-2289 -7238
-2190 -7239
-2090 -7240
-1989 -7241
-1887 -7242
-1784 -7243
-1680 -7244
-1575 -7245
-1469 -7246
-1362 -7247
-1254 -7248
-1145 -7249
-1035 -7250
-924 -7251
-812 -7252
-699 -7253
-585 -7254
-470 -7255
-354 -7256
-237 -7257
-119 -7258
0 -7259
119 -7258
237 -7257
354 -7256
470 -7255
585 -7254
699 -7253
812 -7252
924 -7251
1035 -7250
1145 -7249
1254 -7248
1362 -7247
1469 -7246
1575 -7245
1680 -7244
1784 -7243
1887 -7242
1989 -7241
2090 -7240
2190 -7239
2289 -7238
2387 -7237
2484 -7236
2580 -7235
2675 -7234
2769 -7233
2862 -7232
2954 -7231
3045 -7230
3135 -7229
3224 -7228
3312 -7227
3399 -7226
3485 -7225
3570 -7224
3654 -7223
3737 -7222
3819 -7221
3900 -7220
3980 -7219
4059 -7218
4137 -7217
4214 -7216
4290 -7215
4365 -7214
4439 -7213
4512 -7212
4584 -7211
4655 -7210
4725 -7209
4794 -7208
4862 -7207
4929 -7206
4995 -7205
5060 -7204
5124 -7203
5187 -7202
5249 -7201
5310 -7200
5370 -7199
5429 -7198
5487 -7197
5544 -7196
5600 -7195
5655 -7194
5709 -7193
5762 -7192
5814 -7191
5865 -7190
5915 -7189
5964 -7188
6012 -7187
6059 -7186
6105 -7185
6150 -7184
6194 -7183
6237 -7182
6279 -7181
6320 -7180
6360 -7179
6399 -7178
6437 -7177
6474 -7176
6510 -7175
6545 -7174
6579 -7173
6612 -7172
6644 -7171
6675 -7170
6705 -7169
6734 -7168
6762 -7167
6789 -7166
6815 -7165
6840 -7164
6864 -7163
6887 -7162
6909 -7161
6930 -7160
6950 -7159
6969 -7158
6987 -7157
7004 -7156
7020 -7155
7035 -7154
7049 -7153
7062 -7152
7074 -7151
7085 -7150
7095 -7149
7104 -7148
7112 -7147
7119 -7146
7125 -7145
7130 -7144
7134 -7143
7137 -7142
7139 -7141
7141 -7139
7142 -7137
7143 -7134
7144 -7130
7145 -7125
7146 -7119
7147 -7112
7148 -7104
7149 -7095
7150 -7085
7151 -7074
7152 -7062
7153 -7049
7154 -7035
7155 -7020
7156 -7004
7157 -6987
7158 -6969
7159 -6950
7160 -6930
7161 -6909
7162 -6887
7163 -6864
7164 -6840
7165 -6815
7166 -6789
7167 -6762
7168 -6734
7169 -6705
7170 -6675
7171 -6644
7172 -6612
7173 -6579
7174 -6545
7175 -6510
7176 -6474
7177 -6437
7178 -6399
7179 -6360
7180 -6320
7181 -6279
7182 -6237
7183 -6194
7184 -6150
7185 -6105
7186 -6059
7187 -6012
7188 -5964
7189 -5915
7190 -5865
7191 -5814
7192 -5762
7193 -5709
7194 -5655
7195 -5600
7196 -5544
7197 -5487
7198 -5429
7199 -5370
7200 -5310
7201 -5249
7202 -5187
7203 -5124
7204 -5060
7205 -4995
7206 -4929
7207 -4862
7208 -4794
7209 -4725
7210 -4655
7211 -4584
7212 -4512
7213 -4439
7214 -4365
7215 -4290
7216 -4214
7217 -4137
7218 -4059
7219 -3980
7220 -3900
7221 -3819
7222 -3737
7223 -3654
7224 -3570
7225 -3485
7226 -3399
7227 -3312
7228 -3224
7229 -3135
7230 -3045
7231 -2954
7232 -2862
7233 -2769
7234 -2675
7235 -2580
7236 -2484
7237 -2387
7238 -2289
7239 -2190
7240 -2090
7241 -1989
7242 -1887
7243 -1784
7244 -1680
7245 -1575
7246 -1469
7247 -1362
7248 -1254
7249 -1145
7250 -1035
7251 -924
7252 -812
7253 -699
7254 -585
7255 -470
7256 -354
7257 -237
7258 -119
7259 0
7258 119
7257 237
7256 354
7255 470
7254 585
7253 699
7252 812
7251 924
7250 1035
7249 1145
7248 1254
7247 1362
7246 1469
7245 1575
7244 1680
7243 1784
7242 1887
7241 1989
7240 2090
7239 2190
7238 2289
7237 2387
7236 2484
7235 2580
7234 2675
7233 2769
7232 2862
7231 2954
7230 3045
7229 3135
7228 3224
7227 3312
7226 3399
7225 3485
7224 3570
7223 3654
7222 3737
7221 3819
7220 3900
7219 3980
7218 4059
7217 4137
7216 4214
7215 4290
7214 4365
7213 4439
7212 4512
7211 4584
7210 4655
7209 4725
7208 4794
7207 4862
7206 4929
7205 4995
7204 5060
7203 5124
7202 5187
7201 5249
7200 5310
7199 5370
7198 5429
7197 5487
7196 5544
7195 5600
7194 5655
7193 5709
7192 5762
7191 5814
7190 5865
7189 5915
7188 5964
7187 6012
7186 6059
7185 6105
7184 6150
7183 6194
7182 6237
7181 6279
7180 6320
7179 6360
7178 6399
7177 6437
7176 6474
7175 6510
7174 6545
7173 6579
7172 6612
7171 6644
7170 6675
7169 6705
7168 6734
7167 6762
7166 6789
7165 6815
7164 6840
7163 6864
7162 6887
7161 6909
7160 6930
7159 6950
7158 6969
7157 6987
7156 7004
7155 7020
7154 7035
7153 7049
7152 7062
7151 7074
7150 7085
7149 7095
7148 7104
7147 7112
7146 7119
7145 7125
7144 7130
7143 7134
7142 7137
7141 7139
7139 7141
7137 7142
7134 7143
7130 7144
7125 7145
7119 7146
7112 7147
7104 7148
7095 7149
7085 7150
7074 7151
7062 7152
7049 7153
7035 7154
7020 7155
7004 7156
6987 7157
6969 7158
6950 7159
6930 7160
6909 7161
6887 7162
6864 7163
6840 7164
6815 7165
6789 7166
6762 7167
6734 7168
6705 7169
6675 7170
6644 7171
6612 7172
6579 7173
6545 7174
6510 7175
6474 7176
6437 7177
6399 7178
6360 7179
6320 7180
6279 7181
6237 7182
6194 7183
6150 7184
6105 7185
6059 7186
6012 7187
5964 7188
5915 7189
5865 7190
5814 7191
5762 7192
5709 7193
5655 7194
5600 7195
5544 7196
5487 7197
5429 7198
5370 7199
5310 7200
5249 7201
5187 7202
5124 7203
5060 7204
4995 7205
4929 7206
4862 7207
4794 7208
4725 7209
4655 7210
4584 7211
4512 7212
4439 7213
4365 7214
4290 7215
4214 7216
4137 7217
4059 7218
3980 7219
3900 7220
3819 7221
3737 7222
3654 7223
3570 7224
3485 7225
3399 7226
3312 7227
3224 7228
3135 7229
3045 7230
2954 7231
2862 7232
2769 7233
2675 7234
2580 7235
2484 7236
2387 7237
2289 7238
2190 7239
2090 7240
1989 7241
1887 7242
1784 7243
1680 7244
1575 7245
1469 7246
1362 7247
1254 7248
1145 7249
1035 7250
924 7251
812 7252
699 7253
585 7254
470 7255
354 7256
237 7257
119 7258
0 7259
-119 7258
-237 7257
-354 7256
-470 7255
-585 7254
-699 7253
-812 7252
-924 7251
-1035 7250
-1145 7249
-1254 7248
-1362 7247
-1469 7246
-1575 7245
-1680 7244
-1784 7243
-1887 7242
-1989 7241
-2090 7240
-2190 7239
-2289 7238
-2387 7237
-2484 7236
-2580 7235
-2675 7234
-2769 7233
-2862 7232
-2954 7231
-3045 7230
-3135 7229
-3224 7228
-3312 7227
-3399 7226
-3485 7225
-3570 7224
-3654 7223
-3737 7222
-3819 7221
-3900 7220
-3980 7219
-4059 7218
-4137 7217
-4214 7216
-4290 7215
-4365 7214
-4439 7213
-4512 7212
-4584 7211
-4655 7210
-4725 7209
-4794 7208
-4862 7207
-4929 7206
-4995 7205
-5060 7204
-5124 7203
-5187 7202
-5249 7201
-5310 7200
-5370 7199
-5429 7198
-5487 7197
-5544 7196
-5600 7195
-5655 7194
-5709 7193
-5762 7192
-5814 7191
-5865 7190
-5915 7189
-5964 7188
-6012 7187
-6059 7186
-6105 7185
-6150 7184
-6194 7183
-6237 7182
-6279 7181
-6320 7180
-6360 7179
-6399 7178
-6437 7177
-6474 7176
-6510 7175
-6545 7174
-6579 7173
-6612 7172
-6644 7171
-6675 7170
-6705 7169
-6734 7168
-6762 7167
-6789 7166
-6815 7165
-6840 7164
-6864 7163
-6887 7162
-6909 7161
-6930 7160
-6950 7159
-6969 7158
-6987 7157
-7004 7156
-7020 7155
-7035 7154
-7049 7153
-7062 7152
-7074 7151
-7085 7150
-7095 7149
-7104 7148
-7112 7147
-7119 7146
-7125 7145
-7130 7144
-7134 7143
-7137 7142
-7139 7141
-7141 7139
-7142 7137
-7143 7134
-7144 7130
-7145 7125
-7146 7119
-7147 7112
-7148 7104
-7149 7095
-7150 7085
-7151 7074
-7152 7062
-7153 7049
-7154 7035
-7155 7020
-7156 7004
-7157 6987
-7158 6969
-7159 6950
-7160 6930
-7161 6909
-7162 6887
-7163 6864
-7164 6840
-7165 6815
-7166 6789
-7167 6762
-7168 6734
-7169 6705
-7170 6675
-7171 6644
-7172 6612
-7173 6579
-7174 6545
-7175 6510
-7176 6474
-7177 6437
-7178 6399
-7179 6360
-7180 6320
-7181 6279
-7182 6237
-7183 6194
-7184 6150
-7185 6105
-7186 6059
-7187 6012
-7188 5964
-7189 5915
-7190 5865
-7191 5814
-7192 5762
-7193 5709
-7194 5655
-7195 5600
-7196 5544
-7197 5487
-7198 5429
-7199 5370
-7200 5310
-7201 5249
-7202 5187
-7203 5124
-7204 5060
-7205 4995
-7206 4929
-7207 4862
-7208 4794
-7209 4725
-7210 4655
-7211 4584
-7212 4512
-7213 4439
-7214 4365
-7215 4290
-7216 4214
-7217 4137
-7218 4059
-7219 3980
-7220 3900
-7221 3819
-7222 3737
-7223 3654
-7224 3570
-7225 3485
-7226 3399
-7227 3312
-7228 3224
-7229 3135
-7230 3045
-7231 2954
-7232 2862
-7233 2769
-7234 2675
-7235 2580
-7236 2484
-7237 2387
-7238 2289
-7239 2190
-7240 2090
-7241 1989
-7242 1887
-7243 1784
-7244 1680
-7245 1575
-7246 1469
-7247 1362
-7248 1254
-7249 1145
-7250 1035
-7251 924
-7252 812
-7253 699
-7254 585
-7255 470
-7256 354
-7257 237
-7258 119
-7259 0
-7258 -119
-7257 -237
-7256 -354
-7255 -470
-7254 -585
-7253 -699
-7252 -812
-7251 -924
-7250 -1035
-7249 -1145
-7248 -1254
-7247 -1362
-7246 -1469
-7245 -1575
-7244 -1680
-7243 -1784
-7242 -1887
-7241 -1989
-7240 -2090
-7239 -2190
-7238 -2289
-7237 -2387
-7236 -2484
-7235 -2580
-7234 -2675
-7233 -2769
-7232 -2862
-7231 -2954
-7230 -3045
-7229 -3135
-7228 -3224
-7227 -3312
-7226 -3399
-7225 -3485
-7224 -3570
-7223 -3654
-7222 -3737
-7221 -3819
-7220 -3900
-7219 -3980
-7218 -4059
-7217 -4137
-7216 -4214
-7215 -4290
-7214 -4365
-7213 -4439
-7212 -4512
-7211 -4584
-7210 -4655
-7209 -4725
-7208 -4794
-7207 -4862
-7206 -4929
-7205 -4995
-7204 -5060
-7203 -5124
-7202 -5187
-7201 -5249
-7200 -5310
-7199 -5370
-7198 -5429
-7197 -5487
-7196 -5544
-7195 -5600
-7194 -5655
-7193 -5709
-7192 -5762
-7191 -5814
-7190 -5865
-7189 -5915
-7188 -5964
-7187 -6012
-7186 -6059
-7185 -6105
-7184 -6150
-7183 -6194
-7182 -6237
-7181 -6279
-7180 -6320
-7179 -6360
-7178 -6399
-7177 -6437
-7176 -6474
-7175 -6510
-7174 -6545
-7173 -6579
-7172 -6612
-7171 -6644
-7170 -6675
-7169 -6705
-7168 -6734
-7167 -6762
-7166 -6789
-7165 -6815
-7164 -6840
-7163 -6864
-7162 -6887
-7161 -6909
-7160 -6930
-7159 -6950
-7158 -6969
-7157 -6987
-7156 -7004
-7155 -7020
-7154 -7035
-7153 -7049
-7152 -7062
-7151 -7074
-7150 -7085
-7149 -7095
-7148 -7104
-7147 -7112
-7146 -7119
-7145 -7125
-7144 -7130
-7143 -7134
-7142 -7137
-7141 -7139
-7139 -7141
-7137 -7142
-7134 -7143
-7130 -7144
-7125 -7145
-7119 -7146
-7112 -7147
-7104 -7148
-7095 -7149
-7085 -7150
-7074 -7151
-7062 -7152
-7049 -7153
-7035 -7154
-7020 -7155
-7004 -7156
-6987 -7157
-6969 -7158
-6950 -7159
-6930 -7160
-6909 -7161
-6887 -7162
-6864 -7163
-6840 -7164
-6815 -7165
-6789 -7166
-6762 -7167
-6734 -7168
-6705 -7169
-6675 -7170
-6644 -7171
-6612 -7172
-6579 -7173
-6545 -7174
-6510 -7175
-6474 -7176
-6437 -7177
-6399 -7178
-6360 -7179
-6320 -7180
-6279 -7181
-6237 -7182
-6194 -7183
-6150 -7184
-6105 -7185
-6059 -7186
-6012 -7187
-5964 -7188
-5915 -7189
-5865 -7190
-5814 -7191
-5762 -7192
-5709 -7193
-5655 -7194
-5600 -7195
-5544 -7196
-5487 -7197
-5429 -7198
-5370 -7199
-5310 -7200
-5249 -7201
-5187 -7202
-5124 -7203
-5060 -7204
-4995 -7205
-4929 -7206
-4862 -7207
-4794 -7208
-4725 -7209
-4655 -7210
-4584 -7211
-4512 -7212
-4439 -7213
-4365 -7214
-4290 -7215
-4214 -7216
-4137 -7217
-4059 -7218
-3980 -7219
-3900 -7220
-3819 -7221
-3737 -7222
-3654 -7223
-3570 -7224
-3485 -7225
-3399 -7226
-3312 -7227
-3224 -7228
-3135 -7229
948 287 362 739
7210 4655
7209 4725
7208 4794
7207 4862
7206 4929
7205 4995
7204 5060
7203 5124
7202 5187
7201 5249
7200 5310
7199 5370
7198 5429
7197 5487
7196 5544
7195 5600
7194 5655
7193 5709
7192 5762
7191 5814
7190 5865
7189 5915
7188 5964
7187 6012
7186 6059
7185 6105
7184 6150
7183 6194
7182 6237
7181 6279
7180 6320
7179 6360
7178 6399
7177 6437
7176 6474
7175 6510
7174 6545
7173 6579
7172 6612
7171 6644
7170 6675
7169 6705
7168 6734
7167 6762
7166 6789
7165 6815
7164 6840
7163 6864
7162 6887
7161 6909
7160 6930
7159 6950
7158 6969
7157 6987
7156 7004
7155 7020
7154 7035
7153 7049
7152 7062
7151 7074
7150 7085
7149 7095
7148 7104
7147 7112
7146 7119
7145 7125
7144 7130
7143 7134
7142 7137
7141 7139
7139 7141
7137 7142
7134 7143
7130 7144
7125 7145
7119 7146
7112 7147
7104 7148
7095 7149
7085 7150
7074 7151
7062 7152
7049 7153
7035 7154
7020 7155
7004 7156
6987 7157
6969 7158
6950 7159
6930 7160
6909 7161
6887 7162
6864 7163
6840 7164
6815 7165
6789 7166
6762 7167
6734 7168
6705 7169
6675 7170
6644 7171
6612 7172
6579 7173
6545 7174
6510 7175
6474 7176
6437 7177
6399 7178
6360 7179
6320 7180
6279 7181
6237 7182
6194 7183
6150 7184
6105 7185
6059 7186
6012 7187
5964 7188
5915 7189
5865 7190
5814 7191
5762 7192
5709 7193
5655 7194
5600 7195
5544 7196
5487 7197
5429 7198
5370 7199
5310 7200
5249 7201
5187 7202
5124 7203
5060 7204
4995 7205
4929 7206
4862 7207
4794 7208
4725 7209
4655 7210
4584 7211
4512 7212
4439 7213
4365 7214
4290 7215
4214 7216
4137 7217
4059 7218
3980 7219
3900 7220
3819 7221
3737 7222
3654 7223
3570 7224
3485 7225
3399 7226
3312 7227
3224 7228
3135 7229
3045 7230
2954 7231
2862 7232
2769 7233
2675 7234
2580 7235
2484 7236
2387 7237
2289 7238
2190 7239
2090 7240
1989 7241
1887 7242
1784 7243
1680 7244
1575 7245
1469 7246
1362 7247
1254 7248
1145 7249
1035 7250
924 7251
812 7252
699 7253
585 7254
470 7255
354 7256
237 7257
119 7258
0 7259
-119 7258
-237 7257
-354 7256
-470 7255
-585 7254
-699 7253
-812 7252
-924 7251
-1035 7250
-1145 7249
-1254 7248
-1362 7247
-1469 7246
-1575 7245
-1680 7244
-1784 7243
-1887 7242
-1989 7241
-2090 7240
-2190 7239
-2289 7238
-2387 7237
-2484 7236
-2580 7235
-2675 7234
-2769 7233
-2862 7232
-2954 7231
-3045 7230
-3135 7229
-3224 7228
-3312 7227
-3399 7226
-3485 7225
-3570 7224
-3654 7223
-3737 7222
-3819 7221
-3900 7220
-3980 7219
-4059 7218
-4137 7217
-4214 7216
-4290 7215
-4365 7214
-4439 7213
-4512 7212
-4584 7211
-4655 7210
-4725 7209
-4794 7208
-4862 7207
-4929 7206
-4995 7205
-5060 7204
-5124 7203
-5187 7202
-5249 7201
-5310 7200
-5370 7199
-5429 7198
-5487 7197
-5544 7196
-5600 7195
-5655 7194
-5709 7193
-5762 7192
-5814 7191
-5865 7190
-5915 7189
-5964 7188
-6012 7187
-6059 7186
-6105 7185
-6150 7184
-6194 7183
-6237 7182
-6279 7181
-6320 7180
-6360 7179
-6399 7178
-6437 7177
-6474 7176
-6510 7175
-6545 7174
-6579 7173
-6612 7172
-6644 7171
-6675 7170
-6705 7169
-6734 7168
-6762 7167
-6789 7166
-6815 7165
-6840 7164
-6864 7163
-6887 7162
-6909 7161
-6930 7160
-6950 7159
-6969 7158
-6987 7157
-7004 7156
-7020 7155
-7035 7154
-7049 7153
-7062 7152
-7074 7151
-7085 7150
-7095 7149
-7104 7148
-7112 7147
-7119 7146
-7125 7145
-7130 7144
-7134 7143
-7137 7142
-7139 7141
-7141 7139
-7142 7137
-7143 7134
-7144 7130
-7145 7125
-7146 7119
-7147 7112
-7148 7104
-7149 7095
-7150 7085
-7151 7074
-7152 7062
-7153 7049
-7154 7035
-7155 7020
-7156 7004
-7157 6987
-7158 6969
-7159 6950
-7160 6930
-7161 6909
-7162 6887
-7163 6864
-7164 6840
-7165 6815
-7166 6789
-7167 6762
-7168 6734
-7169 6705
-7170 6675
-7171 6644
-7172 6612
-7173 6579
-7174 6545
-7175 6510
-7176 6474
-7177 6437
-7178 6399
-7179 6360
-7180 6320
-7181 6279
-7182 6237
-7183 6194
-7184 6150
-7185 6105
-7186 6059
-7187 6012
-7188 5964
-7189 5915
-7190 5865
-7191 5814
-7192 5762
-7193 5709
-7194 5655
-7195 5600
-7196 5544
-7197 5487
-7198 5429
-7199 5370
-7200 5310
-7201 5249
-7202 5187
-7203 5124
-7204 5060
-7205 4995
-7206 4929
-7207 4862
-7208 4794
-7209 4725
-7210 4655
-7211 4584
-7212 4512
-7213 4439
-7214 4365
-7215 4290
-7216 4214
-7217 4137
-7218 4059
-7219 3980
-7220 3900
-7221 3819
-7222 3737
-7223 3654
-7224 3570
-7225 3485
-7226 3399
-7227 3312
-7228 3224
-7229 3135
-7230 3045
-7231 2954
-7232 2862
-7233 2769
-7234 2675
-7235 2580
-7236 2484
-7237 2387
-7238 2289
-7239 2190
-7240 2090
-7241 1989
-7242 1887
-7243 1784
-7244 1680
-7245 1575
-7246 1469
-7247 1362
-7248 1254
-7249 1145
-7250 1035
-7251 924
-7252 812
-7253 699
-7254 585
-7255 470
-7256 354
-7257 237
-7258 119
-7259 0
-7258 -119
-7257 -237
-7256 -354
-7255 -470
-7254 -585
-7253 -699
-7252 -812
-7251 -924
-7250 -1035
-7249 -1145
-7248 -1254
-7247 -1362
-7246 -1469
-7245 -1575
-7244 -1680
-7243 -1784
-7242 -1887
-7241 -1989
-7240 -2090
-7239 -2190
-7238 -2289
-7237 -2387
-7236 -2484
-7235 -2580
-7234 -2675
-7233 -2769
-7232 -2862
-7231 -2954
-7230 -3045
-7229 -3135
-7228 -3224
-7227 -3312
-7226 -3399
-7225 -3485
-7224 -3570
-7223 -3654
-7222 -3737
-7221 -3819
-7220 -3900
-7219 -3980
-7218 -4059
-7217 -4137
-7216 -4214
-7215 -4290
-7214 -4365
-7213 -4439
-7212 -4512
-7211 -4584
-7210 -4655
-7209 -4725
-7208 -4794
-7207 -4862
-7206 -4929
-7205 -4995
-7204 -5060
-7203 -5124
-7202 -5187
-7201 -5249
-7200 -5310
-7199 -5370
-7198 -5429
-7197 -5487
-7196 -5544
-7195 -5600
-7194 -5655
-7193 -5709
-7192 -5762
-7191 -5814
-7190 -5865
-7189 -5915
-7188 -5964
-7187 -6012
-7186 -6059
-7185 -6105
-7184 -6150
-7183 -6194
-7182 -6237
-7181 -6279
-7180 -6320
-7179 -6360
-7178 -6399
-7177 -6437
-7176 -6474
-7175 -6510
-7174 -6545
-7173 -6579
-7172 -6612
-7171 -6644
-7170 -6675
-7169 -6705
-7168 -6734
-7167 -6762
-7166 -6789
-7165 -6815
-7164 -6840
-7163 -6864
-7162 -6887
-7161 -6909
-7160 -6930
-7159 -6950
-7158 -6969
-7157 -6987
-7156 -7004
-7155 -7020
-7154 -7035
-7153 -7049
-7152 -7062
-7151 -7074
-7150 -7085
-7149 -7095
-7148 -7104
-7147 -7112
-7146 -7119
-7145 -7125
-7144 -7130
-7143 -7134
-7142 -7137
-7141 -7139
-7139 -7141
-7137 -7142
-7134 -7143
-7130 -7144
-7125 -7145
-7119 -7146
-7112 -7147
-7104 -7148
-7095 -7149
-7085 -7150
-7074 -7151
-7062 -7152
-7049 -7153
-7035 -7154
-7020 -7155
-7004 -7156
-6987 -7157
-6969 -7158
-6950 -7159
-6930 -7160
-6909 -7161
-6887 -7162
-6864 -7163
-6840 -7164
-6815 -7165
-6789 -7166
-6762 -7167
-6734 -7168
-6705 -7169
-6675 -7170
-6644 -7171
-6612 -7172
-6579 -7173
-6545 -7174
-6510 -7175
-6474 -7176
-6437 -7177
-6399 -7178
-6360 -7179
-6320 -7180
-6279 -7181
-6237 -7182
-6194 -7183
-6150 -7184
-6105 -7185
-6059 -7186
-6012 -7187
-5964 -7188
-5915 -7189
-5865 -7190
-5814 -7191
-5762 -7192
-5709 -7193
-5655 -7194
-5600 -7195
-5544 -7196
-5487 -7197
-5429 -7198
-5370 -7199
-5310 -7200
-5249 -7201
-5187 -7202
-5124 -7203
-5060 -7204
-4995 -7205
-4929 -7206
-4862 -7207
-4794 -7208
-4725 -7209
-4655 -7210
-4584 -7211
-4512 -7212
-4439 -7213
-4365 -7214
-4290 -7215
-4214 -7216
-4137 -7217
-4059 -7218
-3980 -7219
-3900 -7220
-3819 -7221
-3737 -7222
-3654 -7223
-3570 -7224
-3485 -7225
-3399 -7226
-3312 -7227
-3224 -7228
-3135 -7229
-3045 -7230
-2954 -7231
-2862 -7232
-2769 -7233
-2675 -7234
-2580 -7235
-2484 -7236
-2387 -7237
-2289 -7238
-2190 -7239
-2090 -7240
-1989 -7241
-1887 -7242
-1784 -7243
-1680 -7244
-1575 -7245
-1469 -7246
-1362 -7247
-1254 -7248
-1145 -7249
-1035 -7250
-924 -7251
-812 -7252
-699 -7253
-585 -7254
-470 -7255
-354 -7256
-237 -7257
-119 -7258
0 -7259
119 -7258
237 -7257
354 -7256
470 -7255
585 -7254
699 -7253
812 -7252
924 -7251
1035 -7250
1145 -7249
1254 -7248
1362 -7247
1469 -7246
1575 -7245
1680 -7244
1784 -7243
1887 -7242
1989 -7241
2090 -7240
2190 -7239
2289 -7238
2387 -7237
2484 -7236
2580 -7235
2675 -7234
2769 -7233
2862 -7232
2954 -7231
3045 -7230
3135 -7229
3224 -7228
3312 -7227
3399 -7226
3485 -7225
3570 -7224
3654 -7223
3737 -7222
3819 -7221
3900 -7220
3980 -7219
4059 -7218
4137 -7217
4214 -7216
4290 -7215
4365 -7214
4439 -7213
4512 -7212
4584 -7211
4655 -7210
4725 -7209
4794 -7208
4862 -7207
4929 -7206
4995 -7205
5060 -7204
5124 -7203
5187 -7202
5249 -7201
5310 -7200
5370 -7199
5429 -7198
5487 -7197
5544 -7196
5600 -7195
5655 -7194
5709 -7193
5762 -7192
5814 -7191
5865 -7190
5915 -7189
5964 -7188
6012 -7187
6059 -7186
6105 -7185
6150 -7184
6194 -7183
6237 -7182
6279 -7181
6320 -7180
6360 -7179
6399 -7178
6437 -7177
6474 -7176
6510 -7175
6545 -7174
6579 -7173
6612 -7172
6644 -7171
6675 -7170
6705 -7169
6734 -7168
6762 -7167
6789 -7166
6815 -7165
6840 -7164
6864 -7163
6887 -7162
6909 -7161
6930 -7160
6950 -7159
6969 -7158
6987 -7157
7004 -7156
7020 -7155
7035 -7154
7049 -7153
7062 -7152
7074 -7151
7085 -7150
7095 -7149
7104 -7148
7112 -7147
7119 -7146
7125 -7145
7130 -7144
7134 -7143
7137 -7142
7139 -7141
7141 -7139
7142 -7137
7143 -7134
7144 -7130
7145 -7125
7146 -7119
7147 -7112
7148 -7104
7149 -7095
7150 -7085
7151 -7074
7152 -7062
7153 -7049
7154 -7035
7155 -7020
7156 -7004
7157 -6987
7158 -6969
7159 -6950
7160 -6930
7161 -6909
7162 -6887
7163 -6864
7164 -6840
7165 -6815
7166 -6789
7167 -6762
7168 -6734
7169 -6705
7170 -6675
7171 -6644
7172 -6612
7173 -6579
7174 -6545
7175 -6510
7176 -6474
7177 -6437
7178 -6399
7179 -6360
7180 -6320
7181 -6279
7182 -6237
7183 -6194
7184 -6150
7185 -6105
7186 -6059
7187 -6012
7188 -5964
7189 -5915
7190 -5865
7191 -5814
7192 -5762
7193 -5709
7194 -5655
7195 -5600
7196 -5544
7197 -5487
7198 -5429
7199 -5370
7200 -5310
7201 -5249
7202 -5187
7203 -5124
7204 -5060
7205 -4995
7206 -4929
7207 -4862
7208 -4794
7209 -4725
7210 -4655
7211 -4584
7212 -4512
7213 -4439
7214 -4365
7215 -4290
7216 -4214
7217 -4137
7218 -4059
7219 -3980
7220 -3900
7221 -3819
7222 -3737
7223 -3654
7224 -3570
7225 -3485
7226 -3399
7227 -3312
7228 -3224
7229 -3135
7230 -3045
7231 -2954
7232 -2862
7233 -2769
7234 -2675
7235 -2580
7236 -2484
7237 -2387
7238 -2289
7239 -2190
7240 -2090
7241 -1989
7242 -1887
7243 -1784
7244 -1680
7245 -1575
7246 -1469
7247 -1362
7248 -1254
7249 -1145
7250 -1035
7251 -924
7252 -812
7253 -699
7254 -585
7255 -470
7256 -354
7257 -237
7258 -119
7259 0
7258 119
7257 237
7256 354
7255 470
7254 585
7253 699
7252 812
7251 924
7250 1035
7249 1145
7248 1254
7247 1362
7246 1469
7245 1575
7244 1680
7243 1784
7242 1887
7241 1989
7240 2090
7239 2190
7238 2289
7237 2387
7236 2484
7235 2580
7234 2675
7233 2769
7232 2862
7231 2954
7230 3045
7229 3135
7228 3224
7227 3312
7226 3399
7225 3485
7224 3570
7223 3654
7222 3737
7221 3819
7220 3900
7219 3980
7218 4059
7217 4137
7216 4214
7215 4290
7214 4365
7213 4439
7212 4512
7211 4584
21 4 19 21
9770 -9810
9944 -8965
9966 -8127
9988 -5713
9991 -3184
9982 9379
9654 9687
9054 9927
8087 9965
5486 9993
-8541 9997
-9631 9776
-9995 8823
-9939 -9628
-9586 -9831
-8966 -9910
-8372 -9974
-5911 -9998
-2055 -9992
2764 -9958
4984 -9940
19 7 11 13
-9676 -9997
-5899 -9998
7271 -9995
9879 -9956
9999 -6601
10000 -6089
9995 5846
9971 9005
9887 9891
9802 9970
7706 9979
-38 9990
-5243 9995
-8385 9998
-9770 9998
-9985 9960
-9990 8298
-9999 352
-9984 -9799
22 4 16 20
8913 9994
-5211 9990
-8699 9951
-9416 9915
-9970 9734
-9991 604
-9995 -6404
-9873 -9296
-9810 -9481
-9634 -9616
-8660 -9960
-8085 -9983
-7421 -9995
7612 -9988
9127 -9952
9739 -9675
9856 -8645
9886 -8170
9992 -87
9944 5889
9848 9343
9827 9902
20 8 9 18
5023 -9997
8930 -9986
9895 -9969
10000 -8650
9999 -1679
9998 849
9988 5624
9951 8869
9880 9898
9620 9996
-2907 9999
-6328 9996
-9920 9964
-9995 8307
-9997 6243
-10000 -1780
-9988 -7388
-9969 -9197
-9936 -9897
-9587 -9988
21 5 6 11
-9992 -2172
-9988 -4433
-9964 -9790
-9777 -9998
-2911 -9999
8895 -9993
9964 -9935
9974 -9866
9987 -9176
9998 -4687
9999 4297
9996 9975
9309 9992
8139 9996
6350 9998
-3544 10000
-9457 9997
-9774 9737
-9820 9657
-9967 9320
-9995 1836
4 1 2 4
9835 934
-7386 8186
-9891 -5292
-4047 -9879
10 3 8 9
7522 -9017
9865 8527
-1116 9941
-8593 9571
-9718 8967
-9411 -3876
-8976 -7764
-6471 -8879
-256 -9994
6466 -9698
4 1 3 4
-1178 9522
-9275 8515
-9027 -6951
8258 -7410
4 1 2 4
4278 -9825
9944 7614
4454 9810
-6634 7717
6 1 3 5
-5844 9690
-9606 8161
-9492 -7072
9414 -9972
6991 9275
-4880 9832
0 0 0 0
