100.000000000000000
49.442719099991588
33285053.833379282163150
30777265.332341621531668
47751.669224167277019
2787494.636629853354634
5141743.692530866138895
0.000000000000014
0.000000000000021
7803037.187583860976702
7311322.562852686088263
12095872.829377470383406
0.000000000001023
50493.424782436306963
92868697.618078852174222
10286689.411536946277010
35417575.093042564250936
50052034.473057564318879
45953993.329319647236844
55320516.404495217229851
40374435.920301532751182
55723112.122511004839907
