6 4
5040 128
1000000000000 500000000000
818911613520 900
390172582800 36260
481880599200 54890035200
899878628880 60480
279351072000 41902660800
580903202880 255825662400
260248665600 14690934720
342234103440 1406489
641152252272 120617280
935973118080 267024492000
942809868000 97772875200
326416970880 332
515986511040 463367104200
484194110400 20951330400
31380552000 1260
316365089040 480
583660788480 2875416
952789341960 48724940880
165135549384 99243144000
384107724000 48
568230894000 6224400
497556259200 78014867400
952669317600 123840
216129513600 156683373840
803026224000 8919120
765605720880 1663200
481880599200 445390545600
4490806320 61261200
50494631592 27935107200
748856908800 316365089040
899510451840 146659312800
12799987200 48
510385075200 288907819200
282634153200 2095133040
6073673760 25945920
393437444400 293318625600
330114057840 305898072480
570277849680 293318625600
885638033280 197707859088
178808885640 169095381840
963761198400 352812620160
585313189200 790440
870399129600 514005972480
116968709970 3054893520
150947596800 150895261440
886866140160 231099311500
758464106400 127592786820
377123947200 20670576
495848152800 327669506640
780604439928 396
114756642000 113187191040
962781019200 770442472800
725947926480 144
879955876800 145599854400
642507465600 599606884800
475934442120 453289692240
97772875200 22054032000
765234993600 3362731440
454056482880 281692358640
954158214240 100795420512
469600693096 27107153545
482482517584 17603340144
773649917046 556624503942
533437499232 142711933419
241245665220 129492053040
254469141248 204409993200
112893103316 1731014533
405472100572 191396868362
315146287040 94078533780
797893305165 563288298711
63420952623 8942890320
149624441694 62008521939
202636026766 35592436817
800225283129 751439135493
979935007675 54495457288
651467886146 531542477004
22497934682 20746951327
874510626758 549629495906
766432957118 147881828794
389287215018 97695166062
246278164923 172831100490
538867798102 398050884640
107676840541 19349616605
746279359951 636336474782
851537011990 464413438860
908516271504 416321464032
504221612000 103041330900
21483572873 18757957297
517116248832 200669710188
403931426720 2108647360
451199736575 260571448420
874057043624 403484835126
921137853579 132734796871
481116405558 139349893385
306643277110 239556253423
581481419358 424766452929
425278533109 179832655955
84472859988 33480721791
518296462684 402123933354
43407504140 28373502850
58827695300 55970962850
694024921545 310868095170
457625512785 383642593175
727239287940 434954752056
136521119232 53640123334
564331779257 129230462784
942926533653 610621028004
122702252244 93824756520
650834131926 519118026148
157455664212 49439583622
575657976665 519592097865
296490396174 240933921902
129054710750 124731915000
594712922468 321012083130
976927344084 130569490032
25121265219 9941623911
153999941825 93122743791
972952028690 411937584397
442778984370 102062126250
103449875460 97116024330
916394709675 305464903225
929852171780 232463042945
926624347005 617749564670
629519312985 419679541990
472902844652 236451422326
914032877372 457016438686
68130366800 54504293440
705487549975 162804819225
512079414064 256039707032
284846736828 142423368414
936764322417 624509548278
531489476260 265744738130
222695876454 111347938227
753959492111 107708498873
582166264134 388110842756
305859481672 76464870418
309395492608 154697746304
109181236152 54590618076
321075735386 229339810990
999891774464 749918830848
592008317979 394672211986
519684989820 207873995928
644028297024 322014148512
391573601730 195786800865
698436471670 99776638810
700743903804 525557927853
642379218264 481784413698
191904087090 181803871980
633799263570 253519705428
685190725430 411114435258
542143077132 271071538566
932612485155 310870828385
598474841951 256489217979
344524621154 172262310577
995451339632 248862834908
117197011705 13787883730
465115299711 310076866474
890666836632 593777891088
391197602920 48899700365
628754450238 419169633492
473404325127 315602883418
653218415772 326609207886
822858984000 457143880000
667814745600 267125898240
407528169864 135842723288
728929737356 182232434339
839812875812 629859656859
657432215385 525945772308
825190167480 353652928920
489933017433 163311005811
833838906888 416919453444
850340795595 680272636476
722885215470 240961738490
816932596527 272310865509
421028476932 210514238466
259437681972 172958454648
470862550660 235431275330
651426749006 325713374503
178170484587 118780323058
933070845576 109773040656
485124931741 338884827273
663061042916 314278848893
347463637506 479
775356273247 684553455116
62217402359 30612503229
119868806705 43081929464
358487027283 271942966564
754328311488 506885
176246310539 13259
4362212135 22
723052911220 110623
534836580787 478253084290
686795543631 628447880125
984905222958 593204475415
271458380667 115302910528
59227869392 37256869480
725450955562 92968065250
262440640905 218745247373
678893420684 225707065287
167085290974 2722
164652888959 56680331854
494973587242 359686719294
863704619939 349502045387
252372147254 843997933
146518858998 166
330628054992 5
745602309431 250878233867
702121116087 6599
738466297197 1131348
467479187244 319305238207
252356785413 108947947793
71433190460 759536743
118962000011 72383385171
437940537514 293517747682
12064590580 3337548524
107373030250 20988103352
895748584859 312588708632
658466177259 290492904
31240694393 13148423437
322769897331 299614011667
221398678655 40541591838
207871322245 39762270895
890399481166 8969
422252543488 1748234
917074776182 82659094549
910853648891 614195
821963000710 38019728124
947245366724 228108973811
359940464527 154814720886
635484710869 464637992883
126585296767 75983664105
926585545306 2290865
335046288718 253119133840
333830056938 309102062439
527182474314 52895021286
879634512969 621071114277
882812750000 198239021564
557280076415 464817857702
518305997440 3118827327
770724579633 100146
604446484276 929
124029283438 62014641719
812088516797 528018701599
891127481736 122680767819
883834420589 843618203661
569152783829 325230162188
875296246460 262588873938
908981317417 341953896703
20020516001 313766017
736741038951 81860115439
574683593401 202817398387
900654278740 495359853307
202307846997 67435948999
175723048047 160798894541
322111678553 184063816316
474537395694 158179131898
583129823209 390411181687
803805428146 114829346878
556250477502 185416825834
947247580605 757798064484
401077202766 267384801844
678207305753 13202265451
53613139106 26806569553
872581150130 436290575065
704204870177 134745234157
753890242762 477185070403
979750645682 29
157367549128 137696605487
431586742855 172634697142
892570245473 879907149937
260605982788 130302991394
537163807291 21061
665871553419 156675659628
879920199558 293306733186
646540867159 587764424690
859314558203 147
409256397805 81851279561
212397657859 499
922110527207 902052428366
277423184239 254321398563
689519823128 517139867346
788976715754 451998290207
381052154107 29851
161972548018 80986274009
827323141718 133939961
847173697870 21679897
464832343669 631482173
757301471207 479840310497
759649244499 337621886444
790984855699 601870390349
345472037513 858070621
511127976827 196587683395
773281771077 162796162332
844424251667 37077010442
549260279101 634471
968581175228 53
555299392260 101804888581
729875456248 580742083157
243304269693 81101423231
896173267258 26034964961
933877401600 69
921650655744 675675000000
961578072000 699681036000
758898201600 480668610240
934083360000 6344100
719541504000 379732860000
503693008000 333143248896
705998592000 622125504000
936624729600 499561413120
625285926720 400067851680
547124239200 388069532928
517345920000 266220460800
716013914112 1512
679793083200 20
561624899940 1542840
795131043840 63319576320
706932878400 16629792480
860238213120 19
578353950720 426449092608
839060232192 1
802564560000 697221898560
545386186800 139708800000
815192294400 494394545736
837503023500 30
883818528768 745987825440
908954330400 93
656592277176 190950
924796278000 335881728000
558124336224 435055256064
789752840240 26107200
854860106880 258876
738686158848 26460
549918720000 140977584
902358912000 673002963360
953571120528 620490
607029147648 439157005248
936503568000 11618006400
844207182000 626377728000
774933258240 704
681080400000 3548160
940733627400 755018953920
777753292800 1
603249650640 520063948800
907743957120 765990687000
785250385920 1
607535478000 2501856
657720226800 432333158400
817296480000 1848
891597777840 1
979110316800 1
765575883072 708134676480
606335625000 581195347200
694853558784 10536313788
876558909600 567183576960
992941740000 627397293600
742190934240 481536000
584709904800 350902582800
875601619200 19464192
548315697600 109494
516276540000 461514178125
821829997593 2509381913
351826520373 3311140870
629517124647 1
395333019571 46741773
698074331318 8030
745147386163 66063993726
294727837824 114921433826
755102225477 55095548342
901807491444 140
732413624850 720736283635
155596097370 63485266524
343861251460 28876
308781937647 28354696
950490210378 287725083603
925729443430 8012335949
242940702150 65967
761049776121 63237245
35103010365 29016530312
282816739321 1167369357
350033236750 28387222390
984984 9600
556920 442472
951390 675108
889056 642816
842400 24
877500 626808
928200 588672
779240 476280
680340 671328
862988 803520
633360 489600
766800 614016
940800 10680
616420 536256
718536 82650
749952 612720
870912 472018
569160 457884
980628 920160
825132 39312
813440 775200
787528 741888
652993 357048
950400 14
733200 7656
939072 527040
907200 478800
554400 47
635796 289674
846000 565440
743232 617760
745360 555984
821600 736000
639324 330624
577920 91140
536760 379776
629280 499851
864864 705510
621504 517752
581728 334400
600341 137068
869819 414344
431889 201672
910397 124295
302747 234216
813118 564582
87394 41388
500170 328579
577373 38
826061 1
919326 821848
433376 323591
704520 474740
97686 55237
12600 1
218956 49971
915843 32486
675420 5396
986992 986857
635525 150159
999999999958 499999999979
999999999886 2
999999999989 999999999988
0 0
