1
8
400000000000
144
120
33177600
1152
5971968000
69120
115200
1
96
20736
2239488000
4
725760
8294400
720
96
24
96
288
48
7200
1440
720
30240
1440
51840
2073600
207360
8
5529600
3344302080
48
5529600
4320
69120
43545600
1152
114048
48
17280
6220800
120
530841600
84
591360
16
60
48
4320
8
23760
2764800
72
87091200
1382400
288
154828800
240
23040
144
95016
369360
218088
130140
1069056
277056
304776
407288
68160
335880
545952
1010880
281260
1594004
511786
3870720
669120
468960
62040
98928
337680
241072
904398
547848
86784
481600
652800
691078
498800
907264
46880
849672
361336
149688
202752
65856
495180
120960
627840
2594880
603680
833280
657600
1471680
1911416
976320
72864
223200
302232
479600
3132168
63184
819600
970200
278208
435960
526320
66402
1101408
100096
234966144000
159378364800
209923768320
162023680000
202672647696
456986871360
6689159680
42766637760
256039707024
94948912272
239683253040
211439123840
74229815880
105203650020
74896617600
71604288000
154697746176
34243038720
21317500512
226817310720
182156405520
34636072960
173183975424
103020263424
39687690256
100106271720
91768459680
2611910400
38270329200
64376764416
178960217280
229416131520
84047314308
147653409060
248681574624
5514854272
151129394640
139733133696
39119760288
104791271616
157639924416
199935800064
35454412800
43910553600
67742148096
178314620616
209797999600
78867217920
31142019840
163311005808
238416721920
109714228800
87622450320
272310865506
109565544960
34882375680
188345020256
293259413440
59389673460
17639553792
86950
11902
1
93130
936
1
10798
1
1
1
1
15918
1
78172
78340
8
46852
48786
15136
1
16786
13648
43590
72576
1
1
73078
1
2
36898
1
1
1
68908
116216
93306
549088
2
19680
80232
10
97512
1
2
1
1
47698
61210
356256
87336
1
1
58228
149556
131732
112832
300528
56658
66
2
1
62014641718
1
2
1
81307540546
87529624644
1
1
81860115438
1
45032713936
67435948998
1
46015954078
79089565948
1
57414673438
92708412916
126299677412
66846200460
1
26806569552
349032460048
1
1
1
19670943640
86317348570
1
130302991392
1
26112609936
146653366590
58776442468
1
81851279560
1
1
1
172379955780
1
1
80986274008
1
1
1
1
84405471610
1
1
39317536678
27132693720
1
1
1
9254989870
1
81101423230
1
2
104832
153600
60480
5400
19200
64
5529600
967680
5376
2240
403200
1296
20
312
64512
11430720
1
73728
1
1920
77760
72
30
20736
3
6
388800
93312
192
3456
108
1296
26880
48
5760
6912000
2400
64
201600
3240
1
192
329280
1
72
311040
1680
1
1
51840
5400
69120
7200
4276800
576
282240
23040
180
36000
1
1
1
1
1
1
2
1
2
5
2
2
1
2
1
3
1
1
1
5
8
4
6
864
24
72
48
96
4
2
64
72
80
84
4
144
2
36
4
24
128
28
28
2
16
64
17280
1
108
120
64
88
320
72
192
12
6
432
48
16
1
1
2
1
1
1
1
1
1
1
16
1
16
1
1
1
1
2
1
1
499999999978
1
1
