6 4
5040 128
1000000000000 500000000000
139710130560 12577561512
464550886800 174631055760
484181560800 7198200
890258569200 13928
497718421200 493521003360
481880599200 336691555200
638389518480 357569372160
653713940880 1471080
228366258120 61261200
501015715200 78503594400
846812912400 108
838298260800 6486480
642507465600 162954792000
829903415040 509631922800
90029514960 1032960
131459479200 66848221440
506821281120 37246809600
524654610480 12027015000
606509935920 10080
83805321600 47224483740
961619828400 1980
815226045480 40415760
642507465600 626920786800
676727971920 173197664640
800561361600 9424800
417629852640 319217534
937824955200 665280
550598486760 4655851200
586637251200 496667101964
66897230400 20951330400
142864722000 4655851200
455184555840 146659312800
484010049600 55626555600
439977938400 7968
254169115200 151143632640
203277634560 104756652000
970590952800 360
723200690520 395565508800
409653644400 452880
133102569600 437255280
612244432800 481880599200
523942599600 491636456898
971337407040 629458830000
383117454720 160626866400
276303867840 282720
425452492080 165793098240
156159843840 117537179760
8620531920 5881075200
624258835200 24
157134978000 193263840
72631278720 12
879183985680 3506
782516548620 136080
338644484640 315519684480
975480105600 207567360
466810344000 190780349760
813727474560 1260
740689336800 142616073600
551732116320 43013603340
494451397440 1193043600
38017300860 37354827930
554344114455 403918021539
321610361724 239524507062
995883800260 949103638870
240523588000 20017716220
49053844266 35549913378
370409230536 353439925520
71259072213 14367884286
6333948725 6274926345
703244652496 431410281512
283410755225 46223816165
76514190640 31550852750
192752253848 151092468296
526396550096 102936666624
775048034444 674217987512
9842201859 91115680
872707308750 634652041950
530766986871 396148262235
465878044800 19693225440
690875592792 262942275288
515250455043 47312019519
275769230616 174899029184
679678489490 131653215232
277779210288 86633783607
886700401320 207695703820
802793376364 788045877724
376226295732 135985654203
36712248146 32057785641
623597123750 207795783800
32974600490 28846659275
633666098208 570546013323
347213849280 34473602470
448918685122 419538109234
151871316688 47977431348
105835111980 96970378500
36704899920 21162564648
959284972128 498419020776
588695134144 534407736544
320498324000 139465918920
308398623291 176938766118
203859808950 168837218630
671961929847 415630302165
523126821462 483960732766
87945029870 22858110170
792868015808 291079677904
806049903852 107689473140
149134839543 123749589537
986331131274 464556492103
886672784400 320945664624
152043321639 154525314
82358995498 34741116080
494789676150 257623445760
55183899420 11879480730
458641361984 20370365968
815708034399 313746613527
261954544864 207222810712
85833174815 1352955615
666031260713 89203091198
831284441624 551151283928
932835201221 68675926264
945623997890 661936798523
269628449484 179752299656
884710692795 176942138559
522450814026 261225407013
566380842836 283190421418
896045032476 298681677492
549433702850 274716851425
516423739701 172141246567
429059927152 214529963576
485458688024 242729344012
598253933476 299126966738
491068638666 327379092444
367670588535 147068235414
429308598798 214654299399
596676091632 298338045816
616242954975 492994363980
825877660300 589912614500
698112669804 31732394082
742950986130 247650328710
536982095048 383558639320
798026907848 598520180886
787373245944 262457748648
617544286984 308772143492
261306470016 250418700432
418687408566 209343704283
815999143476 203999785869
725838497004 241946165668
582171739364 436628804523
800259171551 228645477586
437064642693 124875612198
249318563795 178084688425
540945358162 270472679081
359027132720 179513566360
516257332112 290394749313
577391627960 505217674465
702037925124 351018962562
485056196502 323370797668
618064724294 309032362147
558340358912 279170179456
881510503413 587673668942
301247454252 75311863563
810065429856 540043619904
997950382156 249487595539
839317999308 496977401676
656227128942 315329919102
503934992674 251967496337
440960830104 220480415052
631345413454 315672706727
854160255393 284720085131
594503975885 237801590354
345038910500 172519455250
950513828265 760411062612
667836761328 166959190332
634406742411 422937828274
730284840103 312979217187
308220658242 154110329121
750747349156 563060511867
544850735700 363233823800
327702587744 204814117340
889804516584 593203011056
725708128773 230048868751
491335434220 132752188456
653399398369 247001
104658426090 38794782161
420570983566 334896573644
758271348639 222830107988
870662151092 724119695715
459311556222 90360083033
958415381058 485755303611
455286142233 265917666378
215269396190 168496680087
504608608413 471771088733
789245953235 700154188946
35443147092 10039
103341079531 71016808859
670831068906 179168999879
154341804275 89021799
401336805200 116644108172
454976979900 16481
147682015355 31972558006
474078591084 395867783719
713914496120 419749757898
869368098965 73389581269
680124554753 14557
700282192110 214389442537
323968491971 321600160633
181771543884 159266064944
329176123477 233043882239
565849638715 144526623804
474723590836 155090872488
988189296460 261752805343
700089907777 159114373
42822871552 2090814685
557282550879 268326035501
722081044684 290768896452
422786866240 412720859877
109245375321 28917258737
112972416381 61703619370
548689376177 26
728734208260 656333
867951104931 508421504869
370055837795 307692583960
393646614353 179446393756
73962302732 29986865839
540028704716 457749255524
667957151051 239035308721
453866587003 391059492704
975582235708 74891
611210236334 295322875649
5325569351 2351958933
626801619808 104715441
285113224142 215535016891
451229479989 210330184885
306012014676 1135728105
790923615551 182138957432
965098115533 233403839
571502301992 416379018631
549924639449 131603189869
940387512997 715392525436
668309296171 11645360421
201973442017 172166094383
753424340767 456850590866
230971782854 149452330082
853755187078 627256981849
459266919409 253823879
548720499841 543721199963
659967972583 301723061611
841178673226 744860504536
421578493374 140526164458
426079537589 719
574699576457 472854081895
443841255769 289461688545
383182084407 105737222559
695641589614 666878141467
941198150370 345105988469
368946797878 230518772782
855766416017 558108532185
698168132275 27926725291
816334400593 17
877119393513 345531882293
845889118978 498581097884
377249572816 306515277913
915016727576 245093766315
785220232289 736037261329
307680811039 87908803154
801280573624 202703866933
728998259777 588350274958
855308493871 526343688536
411317239195 164526895678
566528836699 323730763828
419720862948 244837170053
311589395789 82666574393
688613746042 7573
526631790770 421305432616
648989281397 2063
369978218131 227
232537006633 41035942347
535378712762 431
965804987124 402418744635
301240126708 75310031677
915231286366 131413
151095247343 4603
151894692389 96660258793
534352599581 420387579419
404139794278 367399812980
383666218247 265615074171
519364071490 132201763652
522809350984 196053506619
555461557254 308589754030
626453958919 1841564324
795943233331 762705512446
604814338463 191960536773
873067969909 8927874979
987394303891 23
846150361597 3116693527
229995264306 6122947
790053001627 24794863
526263241040 195632639604
621214013057 564740011870
731046168410 438627701046
585919286800 373154221440
832440913920 5930960
786649343760 2622
715212257760 4207130928
874368000000 53757440
912343824000 750076588800
551749968000 315914998400
917806489600 748799251200
775931471850 441409953600
719210741760 1503360
760343740800 4410000
733596082560 433651458240
538252356096 229530215376
717309814320 593503680000
708514560000 571955704320
621247570944 6767904
975794688000 44075157984
855608033280 21
736361220000 681684400800
515037322800 907911200
583660576368 9762720
759332263200 479232936000
876026914560 29932398720
775237145760 1356782400
940267742400 3957526188
929832960000 565047819000
676406649600 659329024590
771733462500 219965
658621755000 5104
699304015872 489080025000
777488362560 755122785120
818331803100 1496639424
737629347840 53040
956398544640 845887109760
859673364480 1
586216051200 584465777280
885996342000 3533544
528270724800 23702976000
725229884160 1260
532775944800 12618480
770849249280 691852063500
552941088000 4752
951968160000 17269560
704510899200 300
628241080950 1998
845620171200 765204480000
894678840000 730091750400
873460476000 156193576
600116967450 519519951720
850262425600 414620645400
775027532960 66
994992387840 927059575104
648625197528 1
704542924800 311461506720
729005832000 44
594515376000 418053404664
540669427200 420679438920
777713384448 287
568638869760 24
817704695808 33651846144
162365369390 120524431555
76819051050 18213837081
626294910445 2668102
892481884661 712186829796
370641566415 153280254666
520147446328 70319
659729205736 497186049918
613010460808 40776479316
775882714034 480218320550
637400360302 160241560
495100796615 1
244613994061 80654155
423690622771 217807304369
94658170279 48523109840
477857948470 99478115444
106318059809 80375784399
828774346171 197352586
381532629832 299762488856
681130838678 35
864158077875 431354
867216 38528
687456 572832
807408 1088
658560 52
716100 97
638176 396000
972000 849816
868560 1
950040 115668
876960 711360
597240 1
951280 819280
820224 673920
588000 563598
755040 491568
726336 585200
506880 1
750720 609180
623040 351540
858600 1
808080 751296
812160 773760
732160 708354
936000 564408
925370 21156
554274 416295
844560 39690
891000 802620
684420 1
669940 345695
898380 1
658244 404544
897840 844800
715392 411600
717060 506088
954800 854272
570570 339624
850080 771120
700128 403280
931380 780570
431884 17913
489659 23309
687551 651656
509891 457182
553707 290984
699858 414563
838681 250205
294304 128582
882617 211642
593447 26450
955516 164507
138452 64871
689629 380265
593094 60038
504148 361962
575411 448782
455016 1
364376 157457
312863 169262
11744 3599
999999999958 499999999979
999999999886 2
999999999989 999999999988
0 0
