1
8
400000000000
24
4320
2880
8
50400
99532800
6048
1152
120960
345600
108
380160
2388787200
6912
96
4320
34560
414720
1728
1080
1800
51840
345600
200931840
6082560
32
20160
9216
40
167731200
1296000
4608
115200
48
887040
1797120
240
17280
5760
129600
398131200
6
1244160
54743040
384
13440
829440
622080
24
64800
12
2
48
69120
4147200
2073600
576
51840
96
10368
689184
548016
311040
301248
1636640
200640
2620800
225432
143400
3381984
244440
407264
242880
1073664
148368
540288
510900
43520
1088640
33600
419336
168640
279000
46944
676768
289872
385392
526988
216000
164464
129600
641664
131320
119040
1054368
1394688
56416
529472
656640
238626
744000
196560
47880
253672
758016
91884
336528
703720
197760
375972
148288
30220
20160
413856
399600
196064
304192
594048
598848
118300
79353062640
44922621152
117961425704
174150271340
268285662360
135764398800
219769021520
172141246566
209250961920
241937372160
298617379592
81247362336
48980133000
143102866212
198892030528
79584960000
42902735200
21149007520
94105525248
38351670112
199501784424
131228874288
294467543040
10656108288
119617486560
123626016000
118822878720
145542171684
114289239120
39426886080
27500355456
230197964800
136052386560
32266083256
49490710944
233975048544
80744944420
309032362146
238748230656
293030010240
49995654240
127319931648
187007473440
323547232
2831827680
251962193700
146982185856
269801312544
284718650664
117226136020
129280704000
126726375336
99751478400
195202074576
96301297008
87444354816
160871915760
72646764720
35110991520
139545989632
1
131960
1
1
1
96096
81222
1
95820
1678248
90802
282816
1
1
64108
43972
1
183952
1
53938
52966
2
1
1
1
21862
807456
18096
67566
59976
1
16
1
48072
136412
7246080
22
18502
1
1
1
4
25522
4620
134460
1
86958
1
8760
27882
1
45586
28050
256080
14536
1
99880
1
37440
1
1
1
6793287730
1
1
1
1
3210605622
70263082228
1
7274678182
19297445902
2
1
31373271678
1
37207235478
27926725290
1
26579375560
1
23578098300
16339584420
1
43954401576
1
1
65792961066
82263447838
80932690956
34976738578
6358967260
1
52663179076
1
1
13678647448
1
80483748924
75310031676
1
1
13808608398
1
18369990648
29512786018
4721491558
65351168872
30858975402
1
1
1
1
1
1
1
1
1144050520
56474001186
73104616840
640
3136
108
1888634880
563200
9331200
1600
145981440
40
27648
31360
1935360
2592
960
92160
7680
2880
12
800
960
43344
26880
34062336
93312
504
12000
2520
5
1232
81648
214272
684
128
4423680
1
34560
336
17280
144
240
608
32
3600
240
6
2280960
86400
392
163800
160
2
17280
1
51840
4
2592
86400
6
24
8626176
4
2
1
1
2
1
2
4
1
1
1
1
1
1
1
1
1
4
1
1
48
96
8
4
1
160
72
1
144
576
1
320
768
168
352
16
1
32
32
1
1152
768
2
576
40
6
144
180
1
4
1
86
96
48
4
8
2
768
16
16
1
1
1
1
1
1
1
2
1
1
1
1
1
1
2
1
1
1
1
1
499999999978
1
1
