6 4
5040 128
1000000000000 500000000000
839952313200 97268371200
256701130560 166815134640
163070107200 70560
288290543040 22735112400
117488295540 5587021440
670442572800 229067879040
62853991200 221760
522235887000 25860
771811073388 5765760
452309457600 8736840
466516290240 1000440
377123947200 219658158720
965229603660 849080232000
188341433280 38318762
241307866800 118895714808
527575688640 146659312800
302507805600 173113754040
128914881480 94860
545694811200 449755225920
754247894400 39039960960
293318625600 48886437600
751504612320 73329656400
339289642092 22349543760
781230749040 360
846925057440 2439360
790655785920 611448037200
504496792800 321658056720
993957924960 8086478400
522392749608 405720
512193535560 24
853409818800 63821021040
230701393440 148987238400
538449191280 1338120
739558585920 370598548320
598449131280 24
286278808080 274129178400
838053216000 151200
319681010880 20160
811882431360 111805293600
682315114320 293578274640
388211569200 224
558461423520 24524940
586637251200 6983776800
722820898800 276161886000
544783377600 20008800
56889476784 20951330400
502831929600 368676669600
711487576800 83160
481880599200 91457538480
670320050400 336893356800
846755910000 195545750400
366648282000 938340168
537438561984 204857452800
161883882720 1260
367730858880 21243689748
419026608000 1048813920
792140829480 4392
314080767000 67011925042
902303962560 481880599200
879955876800 27935107200
902334855490 345164800150
495823841272 96239274304
292858837205 154255236025
992347978494 659188183152
665775498280 378287455888
57099873892 51001065780
220165097156 81455975068
391653937092 98550862053
810949500900 702466356725
101365839458 67140394454
845022952188 393768230688
577775726744 342093790828
809776641204 380014112682
882460092175 221132262250
58811697560 51278627191
910507269430 31845685785
94650397023 75793029942
35366797935 31092745698
892452084768 233335397328
92803235694 22512722349
699398816112 482677934040
18265009763 12418308903
886814547824 660274024744
100657463704 42333351088
245979722720 73156507040
326246711733 1423977337
441652374790 90877048760
963952584990 448838023380
813051814573 802446559094
422286991914 404580727590
783334125767 185224071178
991650198604 778491695540
707473648800 592810624800
593603443290 91167411660
782819083332 341933416452
32798520576 8228717568
230558624853 117303965217
754922827496 696065837584
819230435232 130516726912
34992263460 3573160514
399521736976 28456103088
460227241098 371489800824
852784357617 99367149468
382076938110 318866950890
795589326973 521172455293
908764087917 93087520848
738108713709 32972015277
976562256133 645839615544
266056325760 230976849856
790229640391 171253172479
481462674290 295332118764
69241041735 67524282455
788569532088 553790679546
205147571769 51085413771
156236809437 62457664455
373619899790 268107967950
469106359296 194200695712
632103677240 280633730252
903911898539 204105870774
233793193392 187924277376
820703412704 198641590336
592344257463 338482432836
286581291112 71645322778
987099378996 740324534247
894703748510 178940749702
743653469548 185913367387
631688827864 315844413932
508961225012 254480612506
785656471245 471393882747
510189080372 255094540186
887539955274 253582844364
501280515105 267349608056
196220708296 98110354148
752054031789 250684677263
421719352688 263574595430
919499437740 306499812580
895981955690 447990977845
464713490818 232356745409
773949085052 492513054124
459129722985 153043240995
839662698324 559775132216
948781184871 316260394957
875951800024 125135971432
594246902884 148561725721
707414737149 471609824766
954569536305 756217424865
712984188417 475322792278
759994301733 506662867822
566955953704 496086459491
791014855496 98876856937
432814113200 216407056600
549724517134 274862258567
458520412538 229260206269
553290705674 276645352837
988560681810 395424272724
840967963735 504580778241
660277134866 330138567433
717018777146 204862507756
945262764954 630175176636
443536743232 110884185808
747619043925 498412695950
901375255971 300458418657
725377808712 181344452178
651466845396 217155615132
509064456204 381798342153
987355789623 564203308356
588889546092 196296515364
371491027208 278618270406
748482909083 557010536992
119988723554 59994361777
748956656392 561717492294
925726835037 617151223358
433499727450 216749863725
765458884518 510305923012
972126767435 583276060461
787554085660 393777042830
504433986034 412718715846
758110606992 505407071328
830422867000 207605716750
788949585325 358613447875
836642171268 636336135696
803888804409 584105392726
381490792989 226688494696
296276330558 102718464685
142658741247 141548508196
967104700604 133738692100
328009828568 126025505220
336803840364 231583637341
406170858654 377943694257
309650687318 112922618111
565172298079 302715464393
54362176021 96517
896679109225 5115128
62235883427 49754102754
609167497743 185173877790
909036998954 1926940275
599770013375 316991
103096257710 3542852
583968677223 44275519686
287860173644 262144854453
880994948303 491856633002
214916458520 63183509021
828344996697 362303281424
776972416375 2935028
917674954280 449141688149
846269164228 65859548
60548730618 16545044498
786226311377 633525428379
934419607628 868929809332
262409327862 211
732052510710 249627892893
295012905233 173926056492
8264187425 550573263
237745117029 165767707922
790419138715 37141588605
263353259829 71305711983
25385199718 11027964233
450691727769 3258478
113282917046 44216621943
600013913350 584398239027
165198324188 384224996
240443859512 66734142521
574264256014 465307307852
325410035944 226116742081
624199237961 470977805322
783075413192 715608085041
776252662028 86794406732
170809354424 17055480434
936824748102 822346464244
160581309485 45860443459
554092605160 251050903386
981871187277 26649038171
662120213832 376624862315
553519514614 446207680793
195399104919 152282908501
752750151846 63256
122264700200 391217749
891109481103 33613995347
284609181196 9396757496
700503640065 380214680064
349095155723 89202
950689072570 380275629028
829994699741 800237517139
989499144132 27486087337
579010851532 49331839591
658241357353 71866636217
487961362254 243980681127
186644291495 149315433196
912572002633 196799
650813356934 325406678467
978790932110 489395466055
578376128827 495750967566
190662738326 95331369163
566465640402 188821880134
124696366579 51345562709
895641056809 559313
577423393240 554046875243
936460526653 851685996701
843121008113 775594279001
846601594466 105378167572
776856195412 123590758361
248516359765 99406543906
604533666907 181911024769
943341433879 507953079781
572415941079 318008856155
310709061174 258924217645
566593501038 283296750519
599774171318 42841012237
258776988029 63373956252
211196502546 140797668364
661066610681 72873484642
544989494694 454157912245
345351678956 259013759217
623383407583 501132881198
400526057872 150197271702
379301855452 109413996765
668830011647 286641433563
714783584630 643305226167
424384042232 159144015837
861685818769 395527916812
305276613055 122110645222
232595551970 116297775985
865033010932 1543
654054215389 2588097653
450024001278 300016000852
381870794562 318225662135
768792291577 7692014509
904848271654 108039769
830947552858 217723113785
332099489148 134421221798
719797260693 274208480264
817947388213 563080614539
960156039613 543603808993
301044152489 186291873659
137165112415 27433022483
809017383079 714582367
475804787586 237902393793
23286815788 5821703947
830695178314 619279355407
792494696157 340671
730495148544 224372332800
640695428100 440118282240
582769540080 8929958400
558891178560 1472
780216729600 446611968000
749959741440 6871480
959143680000 955961455680
659220332544 559114617600
656780424300 1
877515912000 806078407680
828272016000 2456925000
813592391040 504
647205406848 566484956928
863362281600 749567856960
667808438400 501897876480
824729989600 471479823360
864518054400 606118312800
960093388800 240
838597760000 476663144880
732225026016 157771152000
818882064000 142
612485976960 457453180800
772878084264 175670880
598859280000 579116260800
767889408000 666097111680
794600928000 434693952000
894582732800 757102500000
628643026180 16
508436352000 1
772905369600 32054
739758549600 606186380800
804947031000 241833271680
954888383232 945091929600
877186252800 481365504000
908521881120 534207214800
886332948480 661149720000
664353550080 443304576000
927700300800 28454328000
893702799360 686983096800
728773732764 677025000000
810315297792 459414925200
666165427200 259398757800
590180503536 1
726064560000 29573788608
516981696000 470982242304
890510400000 190024704
527390559360 459333036800
591413327505 522098136000
729563417856 379792670400
514225227600 212354581824
935337715200 6193440
952422831360 623
650567181600 1820
787445971200 476280
910855756800 402407429760
666623344640 2198016
901280238912 317433916800
608338019520 486804003840
669958027200 1
650461344000 283527484500
569677085602 552537914877
121516553910 5950
495663937420 118353976777
347458052935 31559
210685077987 89039
509957364939 4815416
426378185951 659610
651363669676 1
193822312840 1
143553299306 1
487275047578 66099528967
520786124380 6046328
994422080190 8160
306564563853 5311376054
102068741731 161
229312515243 149363550
956673816380 1
250183747507 111541206545
435230622980 865
913989053156 1136695039
789684 601920
658674 538200
532224 326340
609120 386100
794553 605568
681720 585714
512000 1
869130 704480
663936 504504
769080 733096
509454 64800
785088 11248
964320 94
782100 2430
609840 381888
864864 178176
685216 606208
756000 685584
565500 1440
637840 18
769080 760914
831600 16
709104 22176
718900 471744
776160 29240
718794 242880
556320 42
806760 650160
556140 540540
570768 463232
825248 580608
534688 513264
606372 82
901992 817740
502320 389664
718200 419430
779100 70
731952 383104
522720 429000
522786 471240
270078 259214
799978 163
456912 57
274763 40888
914688 560771
139514 1
956809 1
181600 104573
906741 750597
766918 239
532770 296597
548687 40827
925808 575907
165756 356
663619 333595
582776 148205
276675 247
527234 232320
196297 48833
9470 57
999999999958 499999999979
999999999886 2
999999999989 999999999988
0 0
