1
8
400000000000
691200
1410048
8640
1152
2880
3583180800
43200
40
12
1440
1728
447897600
290304
2
312
1658880
720
144
403200
6220800
25082265600
228096
4
192
380160
276480
1036800
898560
8
12
1440
2304
10368
15360
24
64
129600
6912
1824768
576
48
480
4180377600
9331200
23040
288
5760
14400
129600
1382400
2808000
24
192
864
72
518400
36
2
535818240
4180377600
1031472
1699200
538240
193860
1569888
241172
53976
1634300
66720
755568
239184
1206808
841428
678720
833820
623184
5404608
94608
1801728
1413792
11845440
460800
46656
205632
629632
229266
191200
65885120
446652
129356
821700
180000
36480
109824
317520
138240
147764
202752
3287680
833712
161472
529704
604584
1961360
60564
253056
993600
257272
3492864
118440
477456
714880
275520
45684
132396
291024
26496
731352
363816
185856
2238876288
54063884160
67874515632
164515385840
75066823200
158187643200
315844413928
254480612504
104739363216
255094540184
41892719616
33418701006
96646020240
242963745024
52713524640
106475157504
358364971920
232356745408
32455950048
121926539520
131333529600
291932672256
58315785984
148560897744
221843663424
6599835648
234114211056
253269535992
59438503296
96465226240
148333651200
227396726784
229260206268
226814823312
60638797440
168193592746
320570129376
51075940500
156867639840
100681190400
184029300000
300458418654
116917351200
103857030288
74692710144
93948612048
97650042000
78997545120
13667097600
51423738660
160490712072
304669591200
112475603520
121410232944
194425353486
314374768704
22487637120
126334923360
166084573200
55629504000
543132
73078
2422
1
1
159372
99768
60100
3
1
1
1
1
41332
191736
1
1
1
55992
1
7282
49890
14248
1
24912
2
13380
1
24
1
32504
12472
1
41412
300832
729320
24076
1
1088136
57328
2
1
1
59496
1
83968
53180
6864
1
87910
29592
31956
29008
39156
1
1
34870
1
65660
41574
1
95068907256
1
27486087336
1
1
162653787416
37328858298
1
300375395496
391516372840
82625161260
95331369162
94410940066
7335080386
1
1
1
1
1
17655822622
49703271952
1
72564725682
63601771230
51784843528
188864500344
42841012236
5281163020
35199417090
5205248902
90831582448
86337919738
1
50065757232
7294266450
95547144520
71478358462
53048005278
14125997028
61055322610
93038220784
1
1
75004000212
63645132426
1
1
1
7907130692
34276060032
1
1
1
27433022482
1
158601595860
5821703946
1
2
580608
2857680
69984
32
1638400
4224
172800
13824
1
4193280
2400
72
5760
311040
1920
80
232243200
240
960
42768
2
15360
132
9600
2764800
6912000
640
2
1
2
675840
2160
373248
491520
1016064
16128
6082560
161280
112896
36
17280
1451520
1
4672512
3072
1536
90112
9072
373248
81648
23040
7
120
58320
829440
512
192
207360
1
9600
1
4
1
1
1
1
1
1
1
1
1
2
8
1
1
12
1
1
4
1
4
132
216
432
2
4
1
144
1152
48
6
16
2
60
48
48
16
288
20
2
4
8
160
144
32
3
4
432
192
3680
16
16
2
3248
16
30
70
8
1056
20
1
1
54
1
1
1
1
1
3
1
6
1
1
2
1
1
1
1
1
1
499999999978
1
1
