6 4
5040 128
1000000000000 500000000000
232792560000 137837700000
614183644200 591112922400
963761198400 97772875200
512209605600 167328120960
384948056400 100800
190889899200 1996394400
396494738640 12240
552590216640 720720
522386504640 221650228800
844520014548 312
124562037600 1260
293318625600 1455854400
474896822400 674732976
80194348080 9775375678
635759150466 24
440260723044 13967553600
632058900480 1792430640
987557399280 293318625600
557158169280 442856810760
974677944240 139675536000
177223606560 139504725360
342205063200 2793510720
965844079200 506395169280
883403872740 100566385920
917981064000 292320
153851718720 264
251984224800 288
832321746906 201600
559277029080 457441671960
614572358400 583395115800
293318625600 87004864800
444698654400 416269854000
160626866400 12289717440
264062025480 234875440800
586637251200 7207200
771008958720 558702144000
680503824000 123243120
430452009494 249480
632604772800 108410400
679415536800 23928624720
963761198400 446961715200
803134332000 444168204480
423437414400 380264734080
582251483520 83280960
718667389440 586637251200
66060474480 10475665200
844461858240 261560819520
472190518800 293318625600
335221286400 1044924
320977641600 42233471280
472187635920 158298940800
971669818904 337794256800
148990121280 1386000
801985133520 242208
290525114880 18
811919908800 802
642507465600 36315639360
803134332000 83160
878256419040 59034329280
283934851200 173124151200
251907866775 60037692225
390971985768 104022871269
412378912833 83326084106
549449555343 44562786853
916098582698 880227980606
905442555878 798618211816
458617321388 298603579312
205378445360 125699456663
594403510239 469708016202
546032266033 374232074241
913118468560 236769785456
507276984220 39492420510
131799068467 113588339997
867867103107 88695304554
662134279488 207255445804
881335853652 791242454700
340124732019 329964071331
126724640196 87598869813
428733855858 237623925714
228937847784 49224613628
356133240488 59775577299
468025808768 311819642398
116518105066 82584986170
430235435292 212548180949
865402065930 352806683260
180412770744 165846552060
152101177794 43673061024
559862992896 428861193216
343269320064 273345444999
895226816120 155065164100
707370720459 659075804607
284760093140 283030293212
596436668685 104906059830
242754230367 137541095577
630433958600 294328844479
160273941072 121203770800
21960251397 12414392991
344504590880 198559427664
974741399328 209585743248
346585773701 222442142606
348356190180 226807821774
84666364474 84338653747
1150829582 612218418
698794842993 404034894588
11352169428 1512664944
445226010372 75698621856
523026628600 88938074400
758730313640 83574777324
387872572635 365278836519
239008226650 48089112100
793625555448 261379364004
369218353700 306856119430
72474528000 52023358800
86756057413 39201450774
23404985606 2893166291
832558908480 689888109196
155407968440 14581082600
312969144804 228459124833
410784843936 32288368450
845937895063 709771297418
889063176940 444531588470
279288782506 139644391253
960731641088 480365820544
905318340162 603545560108
421527270395 360214212883
366348456800 183174228400
567584713992 283792356996
628259131012 314129565506
327104953626 163552476813
999436285521 666290857014
285471030821 265783373523
660014756422 330007378211
406953673944 203476836972
731178917590 398824864140
429912592487 372936224808
489379254600 122344813650
551566311444 367710874296
614424097172 153606024293
876715064565 584476709710
216512207907 72170735969
706207949766 470805299844
737373794610 663636415149
868112802816 723427335680
981518234475 327172744825
293735635332 48955939222
821603849676 273867949892
510538089460 255269044730
242379965844 161586643896
894374948013 596249965342
176973639378 88486819689
259084732068 172723154712
865544361636 649158271227
592583333812 296291666906
986972543151 657981695434
574165683310 459332546648
750765329160 500510219440
774239401149 516159600766
644961855182 322480927591
566872842192 283436421096
537406566132 179135522044
194402784576 97201392288
681925417542 454616945028
26029199760 6507299940
234251507868 167322505620
694376265604 520782199203
600134327596 300067163798
600092087702 300046043851
767379293778 511586195852
694826860539 231608953513
898561633296 599041088864
909871573164 227467893291
993618063168 869415805272
786434146614 524289431076
482630702475 321753801650
868366935456 578911290304
304083945584 76020986396
548569801948 274284900974
340055455450 170027727725
412175914458 137391971486
727153522110 242384507370
555536816283 401479462752
570721027688 220942315123
643184973183 57453006784
228230309374 111434773032
855300114702 142
202349603695 79017452018
794625859417 70118719901
516221187164 12104099088
332255128936 552011
218318974247 100674780622
415991388301 230443159889
36913651832 22688515073
538776933759 246997817307
40818499319 37050958232
464513778178 20177200892
570266606025 181526033520
515665893609 241208658877
128495470122 69456803422
246294441139 101234881756
701463597686 683687544599
710175743955 671614337005
86069474182 14569935448
892306221959 734906742796
995443176095 14524
679924118018 511506647459
577346774104 418725378046
774853252045 929
34829509144 9538901517
480686124643 37
633589268275 460605
988015379410 286102382691
814426108232 241710356544
485659207540 144201628019
286552256983 2316819
800119216830 131898924
608894284962 229255599
182990471182 67635586799
720275581385 566340708739
859721153491 11755891970
76951669023 54444550244
63121845636 46426677174
442561746712 521
466179399347 435505486672
800676884975 332823290977
424949727131 238181
228290822308 100305053604
233275537293 83531799807
225576888368 40693
923081499360 152913215528
247557192772 750296
172144605302 171455753682
645632260394 5295177544
59504153490 16578313084
778493817531 659903732417
306317686296 186205814952
231954114854 2609
725226942727 662618375294
293882962638 7822827
140212044707 14454538918
587770676274 575818477199
487045113211 15298282369
702580516621 591262701388
480570645172 84950547299
756053501583 517299764241
571265853490 57126585349
534291300499 242859682045
983302617828 201457787
475757540404 433152387532
957222880637 3923518498
835230951189 92803439021
249112044238 30379517590
731451817879 460879736510
446144616018 148714872006
425612645338 53
944071041337 23455642393
632740062397 216053181859
508485745697 424162977214
625535220005 24989
902008913129 846565370601
952972956471 705242884142
587459561731 503536767198
490331345124 326887563416
637046218033 947
681024104447 542805738166
173417707453 17
92235591278 46117795639
466173826591 254276632686
810336557203 199
760018415951 8140645897
654921655072 552590146467
240178022361 80059340787
660109263301 376032437762
927696053198 668
916702260462 560206936949
704093524462 99923272094
623928471107 401798453723
88050637082 44025318541
870840836696 538737486893
155120358370 124096286696
129741629978 64870814989
264038869337 260490680119
715382687821 1562356258
611666041027 337783834711
762103500869 344175774586
569202082591 224845622951
823871934904 455346225242
647962733890 388777640334
995333636019 39812446207
981030498383 377319422455
749857411139 575650126871
729324910337 380849254502
182291168634 91145584317
595001323192 133677809
586467187391 432637505698
188475402718 94237701359
976960054870 781568043896
734294891917 67116223
952896907663 698333454358
500219159813 423146579
532952108839 59
830727576000 28349080320
973996621164 138547200
987484550976 2212806288
775635588000 567
524410951680 458544844800
854299353600 283068283680
970815339648 655180
939458520000 11200518
613689753600 31657230
870286032000 5600
940409809920 14040
663272184960 1152
907401961620 522793450368
542213913600 330750
950076241920 15411876480
746514413568 17698500
579635481600 26497270800
516998401920 1
724108118400 389216793600
532435176000 373621248000
627485019840 437662653120
587260238400 531910112580
732039378840 501739013880
983193120000 11258243136
836632903680 625359405528
718199281800 681830087400
862356712140 664512076800
891117545472 1260
942022224000 835374170400
540045792000 280996024320
890485980480 49882275
868876800000 488864376000
980037273600 748413270000
533191680000 288603119616
978628392000 712604385000
745076640672 485383824900
741023258976 562476096
923655314400 566507325440
823996293120 608428296
913086720000 817904949840
686125225800 493407028800
869687280000 17996090112
906185280000 671231158000
977651845632 357498535680
807248597760 423774082368
626491980576 1
951592496400 29184
946303585920 353808
843701443200 702870482160
610627390560 42282
550069884000 453880627200
775467665280 677403518400
576274500000 20737436
696765464640 358697687040
915323409000 211680
744323580000 798720
834181286400 469306437600
930108160800 50666980
965975777280 56005344000
780460547328 419397264
834956235464 13559202844
742188310520 284816
632276418628 234631
129384745740 702353
168285137723 67067073659
409152653137 22329922977
775114127541 582918065772
416925621953 439225
101009081777 1
406035771956 1
690618721580 248872859209
515750736824 10
624829450463 274
603152989163 581767330360
433630978645 93275037069
363904133375 1526326
706236309129 3472178631
751654048903 217345221847
879063945317 84926449
383432686192 337601175515
515328 437760
739200 648000
907380 646912
730512 373464
542322 501270
985500 9968
723216 421344
904761 760320
592704 529920
743750 739680
828036 654588
924300 716300
775170 446490
973280 530442
633600 472736
652674 465696
769692 589680
838656 720360
799800 426400
805896 786240
778872 705600
830700 12
596568 371448
728640 695520
877800 773946
811440 729
618800 323136
766882 472000
696696 570024
946110 765072
940800 485940
699548 620136
609120 336336
534336 460992
573804 502200
996072 888300
987840 605616
885600 844560
941976 837216
795150 666792
589383 423325
865925 662430
201824 3670
153885 55066
172603 92805
705520 83001
628225 263712
84312 6869
448282 720
65820 60449
127159 115148
587895 179856
60327 10359
102592 20217
323246 849
944365 386693
322714 204354
853647 20781
460736 362146
695076 30569
999999999958 499999999979
999999999886 2
999999999989 999999999988
0 0
