1
8
400000000000
1105920000
960
3583180800
28800
320
2764800
4608
40320
912384
6
1260
4838400
48
2
2
12
2304
192
64
9953280
2488320
348364800
345600
48
5760
16
96
2
1008
2880
120960
1382400
1036800
320
4838400
2866544640
345600
1
69120
7257600
3583180800
298598400
1036800
3359232
115015680
414720
7464960
4838400
216
86400
224640
4
40320
48
18
2
1194393600
43200
3456
9676800
365280
96606
54000
310152
60120
297432
113340
538860
22644
703222
462720
396816
7827600
2793198
2154240
1058464
842400
443952
262656
198552
378000
340368
672000
248952
344448
534744
882492
733184
22160
180096
595920
70556
51840
143424
90472
314496
250272
13504672
61056
342240
1083648
557568
208656
501984
101920
747360
3548160
1826304
507012
364800
146784
402960
235200
177552
947646
739584
1404288
302000
609500
845728
355625270768
139509206880
464163667968
150785054496
6562491264
146539382400
189194904656
308177719200
98986353840
331972379424
9839976336
278848586016
131435948160
26137674480
4432914096
65250567200
91927718568
152936719344
205685775360
71154246660
107001204480
49158252972
124016111616
257493913600
48955939220
135710558240
174889497600
39411375840
298115811000
58887691200
42660537720
144254931696
296291666904
274845402720
53358782400
78001591680
258079800382
317501595840
188545507200
89565097248
43724759040
113654236248
3452571648
11113670880
148794914016
286823976912
299429932392
127049551800
185097919104
149665654208
151643738400
81635285760
129298825920
125424324480
131861053440
71663370240
233907933504
128863119600
50712004800
96300965376
392
1
23662
57972
1
1
1
175176
1
26020
25522
1
399408
76282
23856
30
1
5668
1
66066
4
1
7900
1
44268
89312
1
83932
1
5
36288
4
76846
1
2
2
1
73132
1
67842
303600
1
1
62038
1
2
2
1
619568
2
6652
1
1
62818
316848
1
61342
2
1
1
1
1
1
26528193036
57126585348
48571936408
1
3550429404
1
92803439020
3037951758
1
74357436000
1
1
1
1
1
1
1
83922794532
81721890852
1
1
1
46117795638
42379438780
1
1
20466301720
80059340784
1
1
50927903358
1
1
44025318540
1
15512035836
64870814988
1
1
1
24583983898
1
2
64796273388
1
75463884490
1
1
60763722876
1
1
94237701358
97696005486
1
1
1
1
7680
6
2880
486
774144
345600
4
216
600
4800
576
576
252
720
331776
7128
155520
1
5598720
1747200
124416
5940
1728
276480
1296
16329600
480
216
24000
345600
36
2816000
1710720
73728
691200
864
31104
19200
2016
480
6842880
725760
24000
23040
384
1
432
27216
29937600
324
201600
1741824
4
96768
3240
2880
4838400
11760
82944
31680
4
4
1
1
1
1
3
1
1
1
1
2
1
1
1
1
2
1
1
1
256
2560
2
2592
33
2
288
60
288
5
360
480
360
20
320
22
28
48
80
5184
8
6
3168
16896
72
6
128
58
16128
20
280
2
48
64
108
56
48
1440
72
18
1
5
2
1
1
1
1
1
1
1
1
2
6
1
1
1
1
2
2
1
499999999978
1
1
