530
76
27
-1
72445
2805794730797500
1132292181162
-1
2291428297623390
2748358929793027
1154086224545978
5781433974676
559823546882535351
-1
628045070
250099407803
234283833239009
2481928690952706464
11255439020754801
7251031042415
587293952826805
1
248678630735
210763917414652
1269111365836561
1066107941396965
-1
1583563150616201
-1
16909648992487241
-1
6238747500000000000
-1
411452284700
19198910392240048
-1
1509211439106
123692837525402741
-1
7132265258716
2396314231495570
5152579243254
8165819365790604
21043819978070771
-1
460016145788354552
158956049724
