530
76
27
-1
72445
5049897334382
3864993051884
243685761385
408529002375
-1
1
535454336945
3578776742740791
4725210166969656
2741319186536892
184365432404087
1371731059801943
492835395
32898385042384622
19502164869534310
2561189403293
1782116896684969
11102872470999249
11052533878460000
-1
-1
241273337134
6866186905217
-1
133931549765700321
-1
1455702723507
-1
6238747500000000000
245640458451
548774164690134130
405223209598027
512010263160482930
10704786882632077
-1
2269480119008052084
1468611104302662
290039769121621
3084843867910492
-1
1143400708701931
-1
