530
76
27
-1
72445
-1
3000117526929861
19156198400655513
166689662939583
505323420685583
1707095465446588
12319594220510
-1
1585802352955900
1957748695707500
6284178370844184
242262308556
5714673424209
-1
-1
526150139201634640
-1
2159870531200116
6238747500000000000
181707878784621737
-1
142596429
209078297349247
1038059110007922
-1
2198804959504812
214362181356
450079933271
258742608828
9424975725282624
1007102669051000
4579339556395
1734871811836276
-1
2955304911286
-1
1
412303951428
495270066346677654
26652776412987784
1017777579798
2537920663929955959
