530
76
27
-1
72445
28777655653129224
19248526903963445
408988620952
6331680207826991
-1
-1
988318866
1701214126777714
-1
-1
256313117457306
498810744287550822
-1
4702971421676
732076396635691
607898482138
6238747500000000000
378312451357205
-1
-1
4848593200319
8473298487100
242799828234
691554704965629
4045093086236191
-1
204129192215694
1332759967024848
2965100505237500
-1
2831212278429692575
2181739697753
696649713171
832704749212930
584581294092849347
1
242237167636
3241548750337741
8975508601663392
149922207512747428
223599979069
11386268109087520
